37.996 -98.664 5.085 1.0
38.046 -97.433 5.061 2.0
38.033 -97.507 5.101 2.0
38.006 -96.267 5.094 1.0
37.993 -96.08800000000002 5.024 2.0
37.991 -96.02 5.082 1.0
37.94 -95.421 5.099 1.0
37.954 -95.417 5.071 1.0
37.947 -96.264 5.09 1.0
37.951 -96.23 5.118 1.0
37.954 -96.057 5.098 1.0
37.969 -94.511 5.07 1.0
37.968 -94.52 5.135 2.0
37.92500000000001 -94.402 5.133 2.0
37.906 -93.836 5.124 1.0
37.928 -91.35300000000002 5.139 1.0
37.931 -91.372 5.164 2.0
37.926 -91.282 5.195 2.0
37.86 -90.852 5.201000000000001 1.0
37.885 -90.761 5.149 2.0
37.882 -90.831 5.179 3.0
37.879 -90.712 5.227 1.0
37.932 -94.398 5.109 2.0
37.978 -94.036 5.087 3.0
37.988 -94.007 5.102 1.0
37.895 -93.739 5.131 2.0
37.927 -91.221 5.155 2.0
37.876 -90.872 5.148 1.0
37.91900000000001 -90.794 5.223 3.0
37.86400000000001 -85.84700000000002 5.031 2.0
37.811 -85.901 4.989 0.0
37.85 -84.07 4.859 2.0
37.832 -82.72200000000002 4.749 1.0
37.863 -82.506 4.711 2.0
37.822 -82.646 4.732 1.0
37.851 -82.128 4.654 2.0
37.848 -82.13 4.694 1.0
37.855 -84.062 4.876 2.0
37.832 -82.718 4.788 1.0
37.855 -82.486 4.726 3.0
37.802 -82.071 4.679 1.0
37.85 -80.67 4.59 2.0
37.86 -80.658 4.586 1.0
37.846 -80.241 4.566 1.0
37.868 -80.22200000000002 4.565 1.0
37.795 -80.077 4.527 1.0
37.863 -79.777 4.568000000000001 1.0
37.843 -80.657 4.551 1.0
37.835 -78.064 4.418 1.0
37.818 -78.05 4.48 1.0
37.854 -77.617 4.42 1.0
37.839 -77.46300000000002 4.402 1.0
37.863 -77.471 4.391 1.0
37.85800000000001 -76.727 4.359 1.0
37.853 -76.707 4.36 2.0
37.85 -79.685 4.51 1.0
37.827 -76.511 4.281 1.0
37.79700000000001 -78.824 4.494 1.0
37.865 -78.757 4.438 1.0
37.85800000000001 -78.757 4.46 1.0
37.855 -76.683 4.364 1.0
37.87 -76.571 4.333 1.0
37.856 -76.459 4.353 2.0
37.791 -75.606 4.323 1.0
37.786 -80.191 4.538 1.0
37.844 -75.563 4.328 1.0
37.868 -78.677 4.45 1.0
37.856 -77.802 4.393 1.0
37.79 -76.804 4.366 1.0
37.849 -76.618 4.362 1.0
37.813 -76.443 4.335 1.0
37.829 -75.34400000000002 4.318 1.0
37.85 -75.333 4.324 1.0
37.853 -74.506 4.274 1.0
37.79 -74.281 4.277 1.0
37.845 -73.378 4.271 1.0
37.842 -73.337 4.273 2.0
37.847 -73.396 4.264 2.0
37.85800000000001 -73.309 4.25 1.0
37.849 -73.293 4.251 3.0
37.855 -72.22500000000002 4.211 2.0
37.848 -72.13 4.241 3.0
37.791 -70.769 4.197 2.0
37.855 -74.533 4.273 1.0
37.852 -74.352 4.265 2.0
37.807 -74.269 4.298 1.0
37.851 -69.982 4.207 2.0
37.814 -69.78 4.201 2.0
37.845 -73.261 4.26 4.0
37.803 -73.221 4.313 1.0
37.845 -72.045 4.234 3.0
37.85 -72.026 4.203 2.0
37.856 -70.941 4.194 2.0
37.85 -70.757 4.215 2.0
37.859 -69.703 4.18 2.0
37.847 -68.973 4.195 1.0
37.867 -68.788 4.206 1.0
37.842 -68.531 4.213 1.0
37.845 -68.187 4.217 2.0
37.85800000000001 -68.301 4.185 1.0
37.848 -67.756 4.184 2.0
37.849 -67.58800000000001 4.214 1.0
37.842 -69.001 4.196 2.0
37.842 -66.132 4.239 2.0
37.843 -66.06400000000001 4.258 2.0
37.801 -65.883 4.238 1.0
37.855 -68.539 4.191 1.0
37.856 -68.615 4.246 0.0
37.856 -68.272 4.2 1.0
37.806 -67.84 4.215 1.0
37.808 -67.751 4.208 1.0
37.841 -67.59 4.213 1.0
37.84 -66.18 4.228 1.0
37.79700000000001 -65.928 4.241 2.0
37.822 -65.05 4.241 1.0
37.853 -65.063 4.225 1.0
37.816 -64.805 4.266 1.0
37.85 -64.742 4.236 1.0
37.845 -64.647 4.262 2.0
37.841 -64.63 4.258 2.0
37.847 -64.71000000000001 4.247 1.0
37.838 -64.465 4.271 2.0
37.847 -64.511 4.266 2.0
37.789 -64.004 4.314 1.0
37.842 -63.58 4.252 1.0
37.843 -63.437000000000005 4.265 0.0
37.852 -63.499 4.251 1.0
37.847 -63.258 4.205 1.0
37.895 -63.321 4.242 4.0
37.791 -64.84700000000001 4.241 1.0
37.867 -62.792 4.306 3.0
37.912 -62.79 4.287 2.0
37.981 -62.773 4.295 7.0
37.844 -62.755 4.34 5.0
37.938 -62.848 4.357 3.0
37.882 -62.829 4.359 5.0
37.86100000000001 -62.758 4.338 5.0
37.873 -62.751000000000005 4.335 3.0
37.854 -62.753 4.37 10.0
37.95 -62.776 4.33 5.0
38.105 -62.787 4.294 1.0
37.843 -64.228 4.267 1.0
37.932 -63.23900000000001 4.22 1.0
37.869 -63.224 4.261 1.0
37.862 -62.808 4.254 1.0
38.015 -62.814 4.291 1.0
37.9 -62.841 4.354 4.0
38.017 -62.773 4.352 2.0
41.331 -59.808 3.714 3.0
41.695 -59.89 3.642 2.0
41.887 -59.874 3.648 1.0
41.541 -59.835 3.664 2.0
37.985 -62.745000000000005 4.228 1.0
37.988 -62.74200000000001 4.247 1.0
37.987 -62.748000000000005 4.346 7.0
38.031 -62.322 4.265 2.0
38.087 -62.181000000000004 4.236 0.0
40.648 -59.822 3.821 1.0
40.773 -59.825 3.801 3.0
40.77 -59.828 3.815 3.0
37.912 -62.695 4.256 0.0
37.911 -62.748000000000005 4.3 2.0
38.063 -62.23900000000001 4.248 2.0
40.714 -59.828 3.804 1.0
40.849 -59.826 3.801 1.0
41.472 -59.870000000000005 3.739 1.0
42.36 -59.885 3.59 2.0
42.375 -59.863 3.602 2.0
42.438 -59.896 3.595 1.0
42.456 -59.882 3.585 2.0
42.599 -59.937000000000005 3.577 2.0
43.126 -59.971 3.536 2.0
43.125 -59.964 3.547 3.0
43.333 -59.97 3.507 2.0
43.583 -59.977 3.469 2.0
42.998 -59.957 3.5 2.0
43.208 -59.939 3.481 3.0
42.972 -59.941 3.539 0.0
43.217 -59.953 3.533 2.0
43.668 -59.966 3.476 2.0
43.979 -59.994 3.424 1.0
43.894 -59.98 3.469 1.0
42.091 -59.841 3.609 1.0
42.323 -59.912 3.592 2.0
44.196 -60.04 3.408 2.0
44.068 -59.981 3.434 2.0
44.138 -59.996 3.481 1.0
44.337 -60.015 3.427 3.0
43.033 -59.976 3.532 3.0
43.245 -59.962 3.501 1.0
43.437 -59.977 3.516 1.0
44.234 -60.0 3.484 1.0
43.33 -59.97 3.541 2.0
43.859 -59.953 3.459 2.0
43.388 -59.92800000000001 3.456 1.0
44.79700000000001 -60.065 3.407 1.0
45.161 -60.01 3.407 2.0
45.441 -60.018 3.353 2.0
45.706 -60.116 3.425 1.0
43.731 -59.953 3.478 0.0
46.001 -60.067 3.373 2.0
46.007 -60.104 3.384 1.0
46.415 -60.094 3.326 1.0
46.23 -60.093 3.368 1.0
46.249 -60.076 3.364 1.0
46.383 -60.115 3.385 1.0
47.6 -60.151 3.397 1.0
47.66 -60.15 3.469 1.0
48.16900000000001 -60.199 3.459 1.0
48.167 -60.202 3.471 1.0
48.28 -60.181000000000004 3.475 1.0
44.802 -60.018 3.438 1.0
48.312 -60.212 3.483 1.0
45.289 -60.008 3.363 2.0
45.703 -60.102 3.414 2.0
46.104 -60.078 3.352 0.0
46.12 -60.08 3.368 1.0
46.325 -60.122 3.384 1.0
47.582 -60.17200000000001 3.431 1.0
50.154 -60.569 3.175 0.0
50.17 -60.458 3.188 2.0
50.42 -60.51 3.548 0.0
50.512 -60.494 3.624 1.0
50.143 -60.475 3.21 1.0
50.421 -60.556000000000004 3.536 3.0
50.481 -60.52 3.622 6.0
