46.764 -478.065 9.891 0.0
46.749 -477.99600000000004 10.027000000000003 6.0
46.78 -477.949 10.074 5.0
46.764 -477.927 10.071 5.0
46.77 -477.773 10.299 10.0
46.807 -477.744 10.368 1.0
46.784 -477.582 10.491 4.0
46.796 -477.922 10.125 0.0
46.776 -477.892 10.128 0.0
46.727 -477.584 10.601 0.0
46.811 -477.57 10.618 1.0
46.814 -476.827 11.549 4.0
46.755 -476.813 11.606 10.0
46.87 -476.928 11.438 6.0
46.84 -476.85 11.533 2.0
46.877 -476.814 11.627 10.0
46.873 -476.88 11.529 5.0
46.854 -476.843 11.594 23.0
46.885 -476.84 11.628 6.0
46.83 -476.777 11.637 2.0
46.831 -476.781 11.643 28.0
46.975 -474.298 11.246 1.0
46.914 -472.328 10.826 6.0
46.917 -472.341 10.849 2.0
46.889 -471.616 10.758 1.0
46.884 -471.603 10.742 0.0
46.871 -470.914 10.614 3.0
46.883 -471.704 10.787 1.0
46.869 -470.971 10.654 4.0
46.668 -464.565 10.094 4.0
46.771 -469.833 10.445 3.0
46.775 -469.8880000000001 10.497 1.0
46.771 -469.582 10.438 0.0
46.761 -469.55 10.426 1.0
46.852 -470.193 10.447 1.0
46.87 -470.869 10.547 1.0
46.862 -470.826 10.555 8.0
46.842 -470.89 10.65 2.0
46.852 -470.259 10.571 2.0
46.835 -469.941 10.444 1.0
46.693 -465.442 10.087 1.0
46.772 -469.9360000000001 10.466000000000003 3.0
46.829 -470.002 10.505 1.0
46.819 -469.473 10.455 2.0
46.762 -469.797 10.475 0.0
46.814 -468.862 10.303 0.0
46.808 -468.616 10.258 0.0
46.795 -468.6 10.272 0.0
46.799 -468.562 10.267 4.0
46.751 -469.396 10.403 0.0
46.80000000000001 -468.855 10.316 4.0
46.856 -470.783 10.578 3.0
46.74200000000001 -468.713 10.329 2.0
46.80000000000001 -468.503 10.249 0.0
46.848 -470.089 10.467 1.0
46.79 -468.508 10.277000000000003 3.0
46.776 -468.4120000000001 10.264 4.0
46.771 -467.98400000000004 10.269 4.0
46.708 -467.824 10.235 3.0
46.729 -467.918 10.264 2.0
46.761 -467.904 10.281 0.0
46.754 -467.737 10.213 0.0
46.764 -467.709 10.202 3.0
46.764 -467.6860000000001 10.224 5.0
46.732 -466.93 10.18 0.0
46.735 -466.8110000000001 10.165 5.0
46.735 -466.7630000000001 10.174 6.0
46.676 -466.647 10.167 3.0
46.716 -466.589 10.167 8.0
46.80000000000001 -468.642 10.349 0.0
46.791 -468.58 10.36 5.0
46.691 -465.658 10.12 5.0
46.763 -467.653 10.212 4.0
46.666 -464.5370000000001 10.111 3.0
46.715 -466.545 10.175 5.0
46.698 -465.701 10.113 1.0
46.67 -464.453 10.052 1.0
46.664 -464.171 10.056 0.0
46.638 -463.268 10.05 0.0
46.577 -463.0010000000001 10.098 0.0
46.626 -462.956 10.086 1.0
46.636 -462.797 10.093 4.0
46.665 -464.5130000000001 10.103 5.0
46.665 -464.357 10.069 5.0
46.665 -464.124 10.065 2.0
46.637 -463.12100000000004 10.07 1.0
46.64 -462.845 10.084 5.0
46.618 -462.789 10.12 0.0
46.626 -462.735 10.132 0.0
46.626 -462.688 10.142 3.0
46.616 -462.601 10.158 2.0
46.606 -461.338 10.155 1.0
46.593 -461.429 10.158 2.0
46.586 -461.252 10.204 2.0
46.469 -461.0370000000001 7.398000000000001 4.0
46.461 -460.925 7.523000000000001 6.0
46.452 -460.908 7.523000000000001 7.0
46.464 -460.9240000000001 7.54 12.0
46.455 -460.886 7.537 6.0
46.439 -460.854 7.624000000000001 11.0
46.459 -460.807 7.695 16.0
46.457 -461.0370000000001 7.384 4.0
46.464 -461.031 7.388 12.0
46.465 -461.038 7.395 16.0
46.463 -460.998 7.412 4.0
46.461 -460.357 7.376 11.0
46.457 -460.199 7.501 0.0
46.458 -460.191 7.529 15.0
46.462 -460.195 7.526 3.0
46.454 -460.1740000000001 7.528 0.0
46.451 -460.169 7.534 4.0
46.464 -460.065 7.614 10.0
46.448 -460.091 7.651 0.0
46.455 -460.038 7.653 7.0
46.441 -460.776 7.767 3.0
46.458 -460.694 7.850000000000001 17.0
46.449 -460.643 7.905 0.0
46.452 -460.581 8.004 14.0
46.455 -460.579 8.021 17.0
46.451 -460.557 8.019 11.0
46.458 -460.564 8.022 7.0
46.458 -460.52 8.023 0.0
46.467 -460.526 8.040000000000001 3.0
46.451 -459.826 7.852 9.0
46.444 -459.782 7.926 6.0
46.45 -460.48400000000004 8.13 12.0
46.458 -460.471 8.16 13.0
46.455 -460.292 7.425 2.0
46.462 -460.254 7.455 1.0
46.464 -460.429 8.173 4.0
46.462 -460.427 8.204 4.0
46.456 -460.191 7.512 14.0
46.456 -460.393 8.255 14.0
46.461 -460.129 7.564 1.0
46.449 -460.379 8.297 8.0
46.449 -460.248 8.47 16.0
46.448 -460.25 8.488 3.0
46.449 -460.68 7.839 14.0
46.453 -460.595 8.032 2.0
46.459 -460.518 8.092 5.0
46.45 -459.863 7.835 15.0
46.451 -459.87 7.843 12.0
46.446 -459.84700000000004 7.850000000000001 8.0
46.458 -460.49600000000004 8.123 6.0
46.454 -460.474 8.189 14.0
46.454 -460.439 8.213000000000001 4.0
46.45 -460.429 8.231 8.0
46.449 -460.411 8.241 1.0
46.455 -460.36 8.315 12.0
46.445 -460.354 8.331 15.0
46.451 -460.348 8.331 10.0
46.46 -460.24600000000004 8.436 0.0
46.447 -460.244 8.468 10.0
46.473 -459.72200000000004 7.913 3.0
46.445 -459.661 8.028 9.0
46.452 -459.653 8.027000000000001 9.0
46.461 -459.62 8.03 0.0
46.438 -459.644 8.048 3.0
46.452 -459.615 8.047 0.0
46.452 -459.568 8.103 3.0
46.454 -459.559 8.124 12.0
46.454 -459.442 8.217 0.0
46.462 -459.427 8.222 1.0
46.459 -459.375 8.287 0.0
46.458 -459.3760000000001 8.290000000000001 8.0
46.459 -459.385 8.304 11.0
46.459 -459.285 8.358 7.0
46.458 -459.242 8.393 1.0
46.455 -459.193 8.457 3.0
46.447 -459.144 8.507 11.0
46.446 -460.202 8.538 1.0
46.45 -459.741 7.962 5.0
46.458 -459.7 7.976 6.0
46.452 -459.703 7.989 14.0
46.447 -459.713 8.001 2.0
46.466 -459.663 7.979 1.0
46.449 -459.68 7.998 7.0
46.458 -459.687 8.0 1.0
46.451 -460.192 8.545 3.0
46.453 -460.189 8.544 11.0
46.448 -460.1860000000001 8.566 17.0
46.451 -460.159 8.572000000000001 8.0
46.458 -459.532 8.126 0.0
46.453 -459.545 8.143 8.0
46.452 -459.532 8.157 10.0
46.453 -460.134 8.615 11.0
46.445 -460.14 8.628 20.0
46.448 -460.12100000000004 8.647 15.0
46.449 -459.495 8.183 3.0
46.451 -459.45 8.207 8.0
46.457 -460.014 8.779 10.0
46.458 -460.014 8.8 3.0
46.442 -459.999 8.818 15.0
46.448 -459.1 8.522 7.0
46.461 -459.054 8.56 3.0
46.453 -459.067 8.579 5.0
46.449 -459.325 8.345 3.0
46.454 -459.2750000000001 8.389 1.0
46.476 -459.241 8.364 0.0
46.459 -459.032 8.583 0.0
46.464 -459.0370000000001 8.601 2.0
46.457 -459.218 8.458 12.0
46.459 -459.202 8.455 10.0
46.454 -459.047 8.613 3.0
46.454 -459.028 8.625 4.0
46.455 -459.014 8.622 0.0
46.464 -459.006 8.63 3.0
46.432 -459.004 8.658 5.0
46.457 -458.8520000000001 8.774000000000001 8.0
46.47 -458.851 8.765 5.0
46.462 -458.822 8.806000000000001 6.0
46.445 -458.641 8.974 9.0
46.463 -458.6140000000001 8.979000000000001 9.0
46.46 -458.414 9.186 6.0
46.445 -460.117 8.674 13.0
46.436 -460.101 8.701 14.0
46.421 -459.94800000000004 8.923 3.0
46.411 -459.145 10.013 10.0
46.452 -459.87100000000004 8.987 10.0
46.464 -459.866 8.991 8.0
46.457 -459.865 8.992 14.0
46.45 -459.85900000000004 9.002 12.0
46.45 -459.093 8.543000000000001 1.0
46.405 -459.094 10.08 10.0
46.42 -459.731 9.200000000000003 8.0
46.46 -459.713 9.19 6.0
46.454 -458.875 8.74 2.0
46.475 -458.581 8.978 0.0
46.408 -459.042 10.168000000000003 8.0
46.401 -459.015 10.194 10.0
46.408 -458.917 10.34 10.0
46.541 -458.305 10.438 2.0
46.539 -458.332 10.473 1.0
46.418 -459.132 10.018 1.0
46.532 -458.213 10.426 2.0
46.374 -458.738 10.559000000000003 12.0
46.388 -458.723 10.594 28.0
46.38 -458.697 10.622 35.0
46.411 -458.689 10.61 36.0
46.371 -458.666 10.656 29.0
46.377 -458.672 10.651 26.0
46.416 -458.5610000000001 10.858 5.0
46.439 -458.72 10.577 34.0
46.454 -458.725 10.586 36.0
46.452 -458.711 10.607000000000003 25.0
46.463 -458.707 10.652000000000003 33.0
46.442 -458.666 10.652000000000003 21.0
46.442 -458.6620000000001 10.652000000000003 29.0
46.42 -458.642 10.671 9.0
46.407 -458.9000000000001 10.362 7.0
46.468 -458.878 10.403 7.0
46.533 -458.276 10.485 2.0
46.368 -458.814 10.513 0.0
46.409 -458.805 10.504 2.0
46.41900000000001 -458.677 10.657 33.0
46.456 -458.681 10.664 31.0
46.42200000000001 -458.668 10.655 22.0
46.455 -458.668 10.669 31.0
46.446 -458.654 10.665 20.0
46.42 -458.634 10.709 29.0
46.432 -458.6380000000001 10.706 17.0
46.447 -458.033 7.641 10.0
46.447 -458.071 7.602 12.0
46.453 -457.915 7.759 6.0
46.456 -458.018 7.674 5.0
46.444 -457.975 7.674 8.0
46.452 -457.88 7.797000000000001 4.0
46.456 -457.797 7.867 1.0
46.456 -457.777 7.916 10.0
46.463 -457.712 7.977 0.0
46.464 -457.658 8.024000000000001 4.0
46.452 -457.633 8.065 1.0
46.462 -457.611 8.065 5.0
46.463 -457.603 8.071 0.0
46.452 -457.60900000000004 8.095 14.0
46.452 -457.582 8.094 0.0
46.457 -457.608 8.091 7.0
46.463 -457.576 8.094 1.0
46.451 -457.558 8.117 4.0
46.447 -457.519 8.156 3.0
46.458 -457.487 8.177 10.0
46.446 -457.482 8.195 3.0
46.452 -457.458 8.222 10.0
46.457 -457.407 8.273 3.0
46.454 -457.402 8.288 13.0
46.459 -457.372 8.290000000000001 0.0
46.448 -457.375 8.328 0.0
46.455 -457.332 8.334 2.0
46.451 -457.908 7.783 5.0
46.458 -457.905 7.787 13.0
46.447 -457.289 8.38 0.0
46.441 -457.29 8.394 15.0
46.448 -457.289 8.406 8.0
46.451 -457.249 8.428 9.0
46.455 -457.24 8.446 5.0
46.459 -457.23400000000004 8.455 9.0
46.457 -457.84 7.86 5.0
46.433 -457.149 8.536 17.0
46.433 -457.139 8.552 13.0
46.456 -457.441 8.223 0.0
46.451 -457.449 8.249 13.0
46.45 -457.133 8.565 6.0
46.455 -457.06 8.642 10.0
46.442 -457.05 8.639 12.0
46.458 -457.047 8.646 9.0
46.449 -457.038 8.639 6.0
46.454 -457.029 8.645 0.0
46.454 -457.01 8.684000000000001 10.0
46.436 -456.995 8.721 14.0
46.445 -457.316 8.405 0.0
46.434 -456.8 8.89 5.0
46.441 -457.204 8.481 10.0
46.45 -456.7390000000001 8.950000000000001 1.0
46.456 -456.661 9.017 1.0
46.457 -456.615 9.067 2.0
46.461 -456.6 9.083 8.0
46.45 -456.594 9.084 5.0
46.443 -456.443 9.248 2.0
46.463 -456.446 9.282 8.0
46.44 -456.426 9.269 0.0
46.446 -456.384 9.29 28.0
46.469 -456.372 9.304 26.0
46.43 -457.086 8.608 15.0
46.387 -456.358 9.375 11.0
46.414 -456.337 9.371 24.0
46.438 -456.414 9.309000000000003 38.0
46.445 -456.855 8.837 8.0
46.451 -456.818 8.858 6.0
46.464 -456.812 8.856 0.0
46.42200000000001 -456.834 8.882 2.0
46.468 -456.433 9.309000000000003 3.0
46.424 -456.796 8.92 8.0
46.41900000000001 -456.35900000000004 9.37 27.0
46.433 -456.326 9.358 32.0
46.436 -456.289 9.413 12.0
46.449 -456.642 9.041 0.0
46.455 -456.062 9.601 2.0
46.468 -456.08500000000004 9.607 8.0
46.415 -455.85900000000004 9.87 10.0
46.42800000000001 -455.866 9.832 3.0
46.417 -455.781 9.950000000000003 9.0
46.445 -456.34700000000004 9.296 0.0
46.392 -456.304 9.413 26.0
46.435 -456.398 9.314 38.0
46.43 -456.389 9.317 39.0
46.439 -456.35900000000004 9.329 25.0
46.445 -456.401 9.322 36.0
46.427 -456.338 9.325000000000003 27.0
46.44 -456.37100000000004 9.317 29.0
46.439 -456.372 9.322 31.0
46.44 -456.346 9.323 35.0
46.454 -456.365 9.333 15.0
46.436 -456.337 9.324 38.0
46.432 -456.329 9.333 26.0
46.43 -456.32 9.335 35.0
46.436 -456.2990000000001 9.366 32.0
46.455 -456.277 9.383 0.0
46.47 -456.937 10.445 23.0
46.388 -456.92 10.551 31.0
46.411 -456.83500000000004 10.66 32.0
46.467 -456.946 10.533 32.0
46.473 -456.942 10.548 1.0
46.42500000000001 -456.892 10.543000000000003 9.0
46.423 -456.897 10.575000000000003 10.0
46.42800000000001 -456.868 10.588 17.0
46.42 -456.8110000000001 10.694 1.0
46.455 -456.7270000000001 10.677 2.0
46.452 -457.011 10.502 2.0
46.402 -456.874 10.592 39.0
46.437 -456.944 10.508 41.0
46.447 -456.94800000000004 10.504 38.0
46.41900000000001 -456.928 10.513 19.0
46.418 -456.914 10.542 20.0
46.453 -456.925 10.588 33.0
46.424 -456.902 10.629 32.0
