48.149 -304.179 6.903 2.0
48.302 -304.167 6.890000000000001 2.0
48.45 -304.172 6.877 2.0
48.696 -304.185 6.904 1.0
48.987 -304.177 6.885 2.0
49.122 -304.16 6.885 2.0
49.282 -304.163 6.863 2.0
49.218 -304.161 6.883 2.0
49.249 -304.179 6.899 2.0
49.525 -304.156 6.829 1.0
49.639 -304.1620000000001 6.788 2.0
49.699 -304.159 6.807 1.0
49.799 -304.154 6.814 1.0
49.69 -304.155 6.817 1.0
48.578 -304.181 6.901 0.0
48.819 -304.165 6.903 3.0
49.717 -304.147 6.832 3.0
49.78 -304.163 6.825 1.0
49.014 -304.167 6.889 2.0
49.015 -304.176 6.897 1.0
49.909 -304.144 6.811 2.0
49.805 -304.153 6.833 2.0
50.021 -304.1500000000001 6.752 1.0
50.017 -304.147 6.762 2.0
49.442 -304.147 6.850000000000001 2.0
50.021 -304.152 6.783 1.0
50.109 -304.155 6.755 2.0
49.559 -304.161 6.838 1.0
50.123 -304.148 6.781000000000001 2.0
50.287 -304.147 6.73 1.0
50.263 -304.152 6.743 2.0
49.729 -304.147 6.793 1.0
50.23 -304.1380000000001 6.78 2.0
50.362 -304.134 6.798 1.0
50.698 -304.116 6.66 1.0
49.824 -304.152 6.789 2.0
49.881 -304.164 6.817 1.0
50.506 -304.135 6.754 2.0
50.812 -304.108 6.689 0.0
50.068 -304.135 6.798 2.0
50.936 -304.123 6.672 1.0
51.032 -304.121 6.691 3.0
51.006 -304.1380000000001 6.708 1.0
51.14 -304.101 6.641 2.0
50.272 -304.137 6.727 2.0
50.822 -304.124 6.774 3.0
51.17200000000001 -304.1140000000001 6.756 2.0
50.365 -304.149 6.735 1.0
50.332 -304.135 6.777 3.0
51.216 -304.1140000000001 6.648000000000001 1.0
51.257 -304.134 6.649 2.0
50.643 -304.144 6.716 2.0
51.671 -304.123 6.645 2.0
51.865 -304.118 6.600000000000001 2.0
50.708 -304.122 6.78 2.0
51.975 -304.1260000000001 6.603 1.0
52.284 -304.123 6.548 0.0
52.182 -304.145 6.579 1.0
52.213 -304.12 6.567 1.0
51.06 -304.108 6.763 2.0
52.35 -304.115 6.574 2.0
52.368 -304.1140000000001 6.588 1.0
52.582 -304.095 6.463 1.0
51.42200000000001 -304.139 6.656000000000001 0.0
53.06 -304.096 6.459000000000001 1.0
53.17200000000001 -304.096 6.46 1.0
52.408 -304.128 6.554 1.0
51.954 -304.144 6.676 1.0
52.801 -304.104 6.52 1.0
52.329 -304.107 6.605 0.0
52.65 -304.103 6.452 1.0
52.71 -304.134 6.508 0.0
53.748000000000005 -304.106 6.415 1.0
53.02 -304.103 6.484 1.0
53.693 -304.073 6.48 1.0
53.709 -304.074 6.488 0.0
53.185 -304.123 6.486 1.0
53.836 -304.094 6.416 1.0
53.931000000000004 -304.081 6.442 0.0
54.085 -304.076 6.417 0.0
54.139 -304.068 6.402 0.0
54.185 -304.08 6.415 2.0
52.466 -304.149 6.532 1.0
54.25 -304.079 6.405 1.0
54.279 -304.075 6.395 1.0
52.549 -304.118 6.541 0.0
54.73900000000001 -304.068 6.347 1.0
54.75 -304.06 6.353 1.0
53.335 -304.067 6.434 1.0
53.299 -304.083 6.464 1.0
54.331 -304.074 6.412 3.0
54.218 -304.061 6.433 1.0
54.49200000000001 -304.094 6.411 2.0
54.897 -304.071 6.355 1.0
54.916 -304.054 6.361 2.0
55.167 -304.06 6.355 3.0
55.318 -304.068 6.325 1.0
55.308 -304.06 6.355 2.0
55.868 -304.036 6.277 1.0
56.311 -304.0370000000001 6.32 2.0
56.389 -304.026 6.228 1.0
56.627 -304.008 6.194 1.0
54.855 -304.052 6.363 1.0
56.899 -303.997 6.197 1.0
55.131 -304.061 6.348 2.0
56.781 -304.035 6.289 1.0
56.984 -304.008 6.26 1.0
55.292 -304.042 6.303 1.0
57.32 -303.992 6.179 1.0
56.183 -304.029 6.218 1.0
58.165 -304.01 6.205 1.0
58.084 -304.015 6.257000000000001 1.0
56.569 -304.038 6.265000000000001 1.0
58.24200000000001 -303.972 6.149 2.0
56.623000000000005 -304.015 6.246 1.0
58.421 -303.979 6.158 1.0
56.825 -304.005 6.252 1.0
58.647 -303.949 6.13 1.0
58.624 -303.97 6.158 2.0
58.788 -303.974 6.164 1.0
57.318 -304.012 6.182 1.0
57.394 -304.0130000000001 6.228 1.0
57.677 -303.991 6.175 1.0
58.128 -303.993 6.184 2.0
58.279 -303.993 6.187 2.0
58.30300000000001 -303.967 6.181 2.0
58.431000000000004 -303.993 6.19 2.0
44.22 -304.297 7.599 2.0
44.403 -304.321 7.571 1.0
44.587 -304.314 7.513 1.0
44.79700000000001 -304.329 7.435 0.0
44.731 -304.301 7.532 2.0
44.86400000000001 -304.307 7.433 2.0
44.943 -304.309 7.436 1.0
45.082 -304.297 7.434 1.0
45.099 -304.305 7.441 1.0
44.837 -304.307 7.515000000000001 4.0
44.871 -304.325 7.695 1.0
44.973 -304.311 7.69 1.0
44.039 -304.281 7.572 1.0
44.182 -304.255 7.538 1.0
44.17800000000001 -304.2630000000001 7.551 3.0
44.238 -304.264 7.533 2.0
44.248 -304.261 7.536 2.0
44.255 -304.27 7.535 1.0
44.323 -304.2510000000001 7.538 2.0
44.36 -304.268 7.552 0.0
44.397 -304.244 7.54 4.0
44.764 -304.243 7.421 1.0
44.901 -304.304 7.436 1.0
44.993 -304.304 7.435 1.0
45.015 -304.297 7.436 1.0
44.488 -304.27 7.538 2.0
44.48900000000001 -304.27 7.553 1.0
44.557 -304.269 7.555 1.0
44.523 -304.252 7.549 4.0
44.609 -304.284 7.535 3.0
44.586 -304.254 7.55 3.0
44.689 -304.27 7.557 3.0
44.872 -304.25 7.445 0.0
44.113 -304.256 7.538 3.0
44.101 -304.279 7.576000000000001 8.0
44.137 -304.288 7.596 1.0
45.052 -304.244 7.437 3.0
45.05300000000001 -304.2270000000001 7.427 4.0
45.16900000000001 -304.285 7.432 2.0
45.167 -304.286 7.44 5.0
44.29700000000001 -304.295 7.601 11.0
45.144 -304.236 7.433 3.0
44.385 -304.267 7.54 1.0
44.843 -304.2390000000001 7.567 0.0
44.612 -304.232 7.466 0.0
44.447 -304.269 7.542 1.0
44.424 -304.269 7.552 1.0
44.25 -304.312 7.954 3.0
44.467 -304.244 7.54 4.0
44.317 -304.316 7.951000000000001 3.0
44.607 -304.245 7.539000000000001 0.0
44.628 -304.261 7.558 2.0
44.765 -304.256 7.562 3.0
44.875 -304.238 7.449 2.0
44.956 -304.259 7.44 2.0
44.634 -304.31 7.783 2.0
44.533 -304.32 7.967000000000001 1.0
44.918 -304.307 7.775 1.0
44.332 -304.284 7.906000000000001 2.0
44.36700000000001 -304.247 7.903 1.0
45.194 -304.2270000000001 7.429 2.0
45.2 -304.2270000000001 7.444 3.0
44.266 -304.295 7.939 2.0
44.589 -304.26 7.766 2.0
44.462 -304.274 7.889 2.0
44.429 -304.261 7.901 1.0
44.482 -304.28 7.865 4.0
44.503 -304.29 7.878 1.0
44.586 -304.22 7.947 3.0
44.664 -304.218 7.912 1.0
44.685 -304.286 7.964 2.0
44.976 -304.226 7.903 2.0
44.945 -304.21 7.928 1.0
44.809 -304.32 7.72 1.0
44.999 -304.31 7.716 2.0
44.568 -304.268 7.936 2.0
45.802 -304.211 7.297 1.0
45.914 -304.229 7.276 1.0
45.895 -304.22 7.289000000000001 1.0
45.981 -304.234 7.278 2.0
45.348 -304.2390000000001 7.376 2.0
45.241 -304.218 7.43 4.0
45.328 -304.226 7.423 3.0
45.43 -304.242 7.342000000000001 1.0
45.43 -304.24 7.372 2.0
45.588 -304.237 7.366000000000001 3.0
45.6 -304.231 7.367 2.0
45.684 -304.23 7.364 2.0
45.824 -304.258 7.328 1.0
45.905 -304.26 7.332 1.0
45.988 -304.264 7.336 3.0
45.97 -304.268 7.351 4.0
46.043 -304.246 7.278 1.0
46.21 -304.233 7.255 0.0
46.118 -304.242 7.281000000000001 1.0
46.192 -304.2390000000001 7.285 2.0
46.2 -304.237 7.265000000000001 1.0
46.312 -304.234 7.236 0.0
46.279 -304.238 7.256 0.0
46.269 -304.238 7.27 1.0
45.499 -304.2390000000001 7.346 2.0
45.519 -304.228 7.371 2.0
45.508 -304.2270000000001 7.412 1.0
46.346 -304.247 7.256 1.0
45.563 -304.212 7.415 2.0
45.694 -304.25 7.355 2.0
45.714 -304.27 7.344 1.0
45.76 -304.283 7.329 1.0
46.391 -304.267 7.229 1.0
46.372 -304.246 7.237 1.0
46.347 -304.232 7.278 1.0
46.764 -304.214 7.099 1.0
46.532 -304.202 7.206 3.0
46.498 -304.243 7.26 1.0
46.525 -304.235 7.25 1.0
46.671 -304.267 7.178 1.0
46.62 -304.208 7.2 2.0
46.252 -304.221 7.217000000000001 1.0
46.10800000000001 -304.208 7.696 2.0
46.209 -304.214 7.689 2.0
46.317 -304.208 7.686 1.0
46.32 -304.194 7.685 2.0
46.686 -304.196 7.672000000000001 4.0
46.73900000000001 -304.191 7.66 3.0
46.662 -304.206 7.107 1.0
46.43 -304.234 7.26 1.0
46.446 -304.243 7.242 2.0
46.42200000000001 -304.228 7.285 1.0
45.311 -304.26 7.777 1.0
45.327 -304.234 7.735 2.0
46.607 -304.229 7.246 1.0
46.61 -304.222 7.258 2.0
45.417 -304.232 7.725000000000001 2.0
45.538 -304.202 7.798 1.0
46.759 -304.212 7.135 0.0
45.578 -304.225 7.805000000000001 3.0
45.609 -304.204 7.799 5.0
45.475 -304.187 7.8 0.0
46.681000000000004 -304.218 7.241000000000001 2.0
46.721 -304.211 7.241000000000001 1.0
45.751 -304.213 7.801 3.0
46.05000000000001 -304.204 7.699 0.0
45.804 -304.225 7.77 3.0
46.226 -304.211 7.69 0.0
46.411 -304.202 7.683 3.0
46.638 -304.183 7.667 3.0
45.769 -304.218 7.813 4.0
45.835 -304.213 7.799 4.0
45.92800000000001 -304.245 7.86 3.0
46.089 -304.21 7.791 2.0
46.174 -304.211 7.789000000000001 1.0
46.264 -304.2 7.788 1.0
46.265 -304.198 7.789000000000001 1.0
46.251 -304.232 7.841 2.0
46.464 -304.231 7.827 1.0
45.61700000000001 -304.231 7.882000000000001 3.0
47.05000000000001 -304.212 7.113 0.0
45.694 -304.216 7.72 1.0
47.201 -304.253 7.098 2.0
46.83 -304.204 7.157 2.0
46.849 -304.218 7.161 2.0
47.10800000000001 -304.2 7.128 1.0
47.184 -304.217 7.126 2.0
47.198 -304.216 7.12 1.0
47.19 -304.205 7.125 2.0
47.35 -304.208 7.089 2.0
45.91900000000001 -304.213 7.796 3.0
45.965 -304.214 7.803 2.0
46.063 -304.213 7.797000000000001 2.0
47.435 -304.187 7.11 3.0
47.548 -304.181 7.076000000000001 1.0
47.267 -304.224 7.122 1.0
47.313 -304.207 7.121 3.0
47.309 -304.204 7.118 2.0
47.363 -304.204 7.132000000000001 2.0
46.938 -304.197 7.133 2.0
46.949 -304.204 7.147 2.0
47.023 -304.198 7.13 1.0
47.122 -304.217 7.116000000000001 1.0
47.146 -304.2270000000001 7.21 2.0
47.373 -304.189 7.123 3.0
47.392 -304.191 7.123 2.0
47.435 -304.21 7.135 1.0
47.48 -304.209 7.19 2.0
47.157 -304.201 7.686 0.0
47.161 -304.19 7.636 1.0
47.491 -304.222 7.100000000000001 0.0
47.621 -304.228 7.078 1.0
47.679 -304.206 7.081 2.0
47.613 -304.194 7.079 1.0
47.255 -304.205 7.132000000000001 3.0
47.259 -304.219 7.203 3.0
47.933 -304.203 7.02 1.0
47.961 -304.206 7.028 1.0
47.89 -304.196 7.025 1.0
48.14 -304.179 6.925 0.0
48.098 -304.201 7.028 2.0
48.136 -304.2 7.018 1.0
48.31 -304.19 6.921 1.0
48.357 -304.194 6.982 1.0
48.318 -304.223 7.08 1.0
48.238 -304.174 7.548 2.0
47.456 -304.196 7.12 2.0
48.387 -304.188 7.548 3.0
47.362 -304.191 7.648000000000001 1.0
47.502 -304.207 7.656000000000001 3.0
47.77 -304.188 7.035 1.0
47.859 -304.195 7.03 1.0
48.015 -304.202 7.024 1.0
48.181000000000004 -304.2 7.031000000000001 1.0
48.222 -304.189 6.922 1.0
48.405 -304.18 6.922 2.0
48.388 -304.188 6.959000000000001 0.0
48.548 -304.199 6.962 1.0
48.491 -304.185 6.92 1.0
48.471 -304.19 6.961 2.0
48.414 -304.212 7.082 1.0
48.495000000000005 -304.221 7.08 1.0
48.673 -304.182 6.918 3.0
48.641 -304.19 6.966 1.0
48.621 -304.178 7.002 2.0
48.732 -304.184 6.969 2.0
48.727 -304.161 7.001 1.0
48.94 -304.178 6.935 2.0
48.412 -304.183 7.544 2.0
49.213 -304.19 6.918 3.0
49.279 -304.153 7.46 0.0
49.352 -304.153 7.45 2.0
49.473 -304.157 7.454 2.0
49.599 -304.1500000000001 7.433 2.0
49.567 -304.163 7.45 2.0
49.662 -304.17 7.447 3.0
49.768 -304.16 7.446 3.0
49.86700000000001 -304.153 7.355 1.0
48.581 -304.223 7.08 2.0
49.96 -304.157 7.355 2.0
48.769 -304.174 6.919 3.0
48.468 -304.19 7.554 2.0
49.267 -304.148 7.479 1.0
50.370000000000005 -304.141 7.356 1.0
50.591 -304.134 7.349 2.0
50.765 -304.133 7.369 2.0
51.246 -304.123 7.291 3.0
50.811 -304.131 7.34 2.0
49.863 -304.168 7.442 2.0
49.976 -304.149 7.442 1.0
51.028 -304.137 7.331 3.0
50.671 -304.132 7.305 2.0
51.644 -304.115 7.235 2.0
51.67500000000001 -304.113 7.242 2.0
51.78 -304.111 7.246 1.0
50.27 -304.11 7.338 2.0
50.263 -304.14 7.36 1.0
51.824 -304.101 7.24 0.0
51.92 -304.109 7.245 1.0
50.346 -304.144 7.384 2.0
50.48300000000001 -304.116 7.379 2.0
52.068 -304.107 7.206 2.0
52.032 -304.105 7.252 2.0
50.658 -304.137 7.367 2.0
52.309000000000005 -304.103 7.229 2.0
52.218 -304.085 7.197 2.0
52.203 -304.092 7.286 2.0
51.509 -304.107 7.246 2.0
51.596 -304.128 7.314 1.0
52.328 -304.083 7.282 1.0
52.638 -304.105 7.225000000000001 2.0
52.752 -304.103 7.224 1.0
52.569 -304.081 7.272 2.0
52.943 -304.072 7.207 1.0
53.112 -304.091 7.202 1.0
53.04700000000001 -304.095 7.25 2.0
53.555 -304.092 7.183 2.0
53.706 -304.083 7.141 2.0
52.532 -304.099 7.227 2.0
52.681000000000004 -304.097 7.265000000000001 2.0
52.443 -304.09 7.276 2.0
52.86700000000001 -304.087 7.18 0.0
52.935 -304.078 7.257000000000001 2.0
53.046 -304.085 7.214 2.0
53.15 -304.084 7.168 1.0
43.314 -312.914 7.771 3.0
43.316 -312.868 7.805000000000001 5.0
43.404 -312.883 7.79 1.0
43.315 -312.8520000000001 7.801 3.0
43.41 -312.754 7.753 2.0
43.4 -312.646 7.78 2.0
43.396 -312.145 7.791 1.0
43.399 -312.205 7.817 1.0
43.402 -312.005 7.81 1.0
43.411 -311.85 7.725000000000001 1.0
43.329 -311.815 7.788 1.0
43.404 -311.7390000000001 7.753 1.0
43.398 -311.755 7.857 2.0
43.395 -311.632 7.78 1.0
43.383 -311.528 7.806 1.0
43.304 -311.482 7.850000000000001 1.0
43.397 -312.669 7.729 1.0
43.323 -312.074 7.825 1.0
43.412 -311.84 7.834000000000001 2.0
43.383 -311.84 7.855 0.0
43.301 -311.458 7.824 1.0
43.302 -311.3880000000001 7.87 1.0
43.299 -311.129 7.795 2.0
43.379 -311.083 7.851 2.0
43.293 -310.861 7.825 2.0
43.287 -310.774 7.864 1.0
43.365 -310.821 7.835 2.0
43.377 -310.645 7.812 1.0
43.289 -310.588 7.835 2.0
43.35800000000001 -310.642 7.861 2.0
43.366 -310.541 7.838 2.0
43.29 -310.369 7.793 1.0
43.365 -310.395 7.826000000000001 2.0
43.371 -310.401 7.873 2.0
43.357 -310.301 7.899 1.0
43.344 -310.148 7.792 3.0
43.372 -310.201 7.868 1.0
43.255 -310.139 7.893 1.0
43.38 -311.089 7.761 2.0
43.352 -310.134 7.826000000000001 1.0
43.264 -309.891 7.849 4.0
43.356 -309.974 7.833 1.0
43.324 -309.84 7.812 3.0
43.362 -309.861 7.78 1.0
43.348 -309.839 7.783 4.0
43.325 -309.698 7.81 1.0
43.321 -309.819 7.831 4.0
43.331 -309.741 7.842000000000001 2.0
43.374 -310.858 7.893 2.0
43.368 -310.546 7.746 2.0
43.256 -309.625 7.864 1.0
43.342 -309.611 7.875 2.0
43.282 -310.558 7.834000000000001 2.0
43.30000000000001 -309.549 7.833 2.0
43.325 -309.424 7.841 1.0
43.324 -309.418 7.859 2.0
43.284 -310.424 7.808 1.0
43.35 -310.37 7.781000000000001 2.0
43.234 -309.315 7.88 2.0
43.311 -309.323 7.867 2.0
43.33 -309.319 7.835 2.0
43.355 -310.267 7.846 1.0
43.251 -309.249 7.862 2.0
43.267 -310.134 7.841 1.0
43.313 -309.186 7.865 1.0
43.253 -310.094 7.881 1.0
43.337 -309.002 7.865 1.0
43.298 -309.879 7.827 3.0
43.316 -308.9000000000001 7.890000000000001 2.0
43.304 -308.826 7.928 3.0
43.287 -308.801 7.934 2.0
43.264 -308.384 7.91 1.0
43.238 -308.625 7.918 1.0
43.24200000000001 -308.599 7.948 2.0
43.227 -307.899 7.989 2.0
43.313 -308.211 7.890000000000001 3.0
43.243 -307.981 7.951000000000001 2.0
43.34 -309.517 7.868 2.0
43.335 -309.526 7.886 2.0
43.334 -309.414 7.895 0.0
43.274 -307.789 7.917 1.0
43.266 -307.653 7.974 2.0
43.234 -309.19 7.906000000000001 1.0
43.211 -306.724 7.96 0.0
43.323 -309.006 7.892 0.0
43.313 -307.0 7.951000000000001 1.0
43.237 -308.972 7.864 2.0
43.283 -306.713 8.017 2.0
43.246 -305.845 8.007 5.0
43.237 -305.882 8.029 3.0
43.26 -305.713 8.044 2.0
43.337 -308.294 7.843 2.0
43.232 -308.331 7.924 2.0
43.252 -308.314 7.929 2.0
43.334 -308.238 7.862 2.0
43.315 -307.996 7.91 2.0
43.24200000000001 -305.139 8.047 4.0
43.29700000000001 -305.1020000000001 8.049 5.0
43.258 -307.746 7.96 2.0
43.192 -306.91 7.996 2.0
43.298 -306.924 7.897 1.0
43.299 -306.947 7.935 4.0
43.245 -305.672 8.001 3.0
43.256 -305.221 8.05 3.0
43.121 -304.948 8.024000000000001 4.0
43.091 -304.8 8.048 5.0
43.189 -304.796 8.049 4.0
43.158 -304.709 8.044 1.0
43.196 -304.943 8.061 5.0
43.16 -304.844 8.118 3.0
42.982 -304.731 8.033 3.0
42.994 -304.705 8.033 1.0
43.272 -304.544 8.134 5.0
43.25 -304.9770000000001 8.076 4.0
43.141 -304.524 8.134 2.0
43.289 -304.582 8.148 4.0
43.174 -326.964 7.319 4.0
43.216 -326.89 7.459000000000001 2.0
43.23900000000001 -326.891 7.321 1.0
43.244 -326.904 7.446 5.0
43.73600000000001 -326.973 8.216 2.0
43.728 -326.672 8.168000000000001 9.0
43.727 -326.685 8.226 4.0
43.717 -326.668 8.257 1.0
43.741 -326.582 8.175 1.0
43.706 -326.579 8.252 0.0
43.701 -326.291 8.232 1.0
43.693 -326.055 8.152000000000001 2.0
43.631 -326.083 8.172 1.0
43.716 -326.01 8.148 2.0
43.7 -325.934 8.164 1.0
43.61400000000001 -324.737 8.086 2.0
43.69 -325.119 8.106 1.0
43.634 -325.047 8.104000000000001 1.0
43.689 -324.98 8.034 0.0
43.726 -326.496 8.194 2.0
43.652 -326.223 8.171 2.0
43.634 -326.104 8.127 2.0
43.575 -323.545 8.040000000000001 1.0
43.668 -324.084 8.058 1.0
43.671 -324.109 8.066 2.0
43.65 -324.09 8.092 1.0
43.654 -323.862 8.07 2.0
43.665 -323.686 8.019 1.0
43.633 -323.721 8.1 0.0
43.643 -323.474 8.061 1.0
43.633 -323.173 7.942 1.0
43.543 -321.936 7.991000000000001 2.0
43.618 -321.8520000000001 7.984 2.0
43.619 -321.29 7.9 0.0
43.607 -321.193 7.901 0.0
43.568 -321.1740000000001 7.876 1.0
43.597 -321.281 7.917 1.0
43.638 -321.993 7.954 1.0
43.593 -323.576 8.046 1.0
43.66 -323.805 8.05 1.0
43.667 -323.675 8.025 1.0
43.642 -323.588 8.042 1.0
43.498 -320.643 7.923 1.0
43.585 -318.256 7.632000000000001 0.0
43.443 -317.849 7.474 4.0
43.546 -322.042 7.963 2.0
43.597 -321.968 8.019 1.0
43.42 -318.142 7.585 2.0
43.343 -318.205 7.691 1.0
43.335 -318.117 7.645 2.0
43.616 -321.289 7.949 1.0
43.574 -321.192 7.98 1.0
43.627 -322.097 7.981 3.0
43.442 -318.154 7.555 3.0
43.455 -318.186 7.568000000000001 2.0
43.439 -318.123 7.585 1.0
43.437 -318.19 7.672000000000001 5.0
43.498 -318.186 7.707 1.0
43.58 -320.7510000000001 7.887 1.0
43.585 -318.155 7.71 1.0
43.408 -317.975 7.586 3.0
43.385 -317.968 7.602 13.0
43.409 -317.936 7.636 1.0
43.502 -317.887 7.581 0.0
43.409 -318.0490000000001 7.608000000000001 1.0
43.42200000000001 -318.059 7.602 2.0
43.52 -318.1740000000001 7.744 3.0
43.537 -318.137 7.72 1.0
43.583 -318.185 7.846 2.0
43.498 -318.207 7.564 5.0
43.508 -318.203 7.57 0.0
43.518 -317.988 7.842000000000001 1.0
43.491 -318.218 7.641 1.0
43.412 -317.951 7.71 1.0
43.348 -317.997 7.653 3.0
43.416 -318.215 7.745 1.0
43.545 -318.166 7.81 1.0
43.499 -318.1380000000001 7.793 1.0
43.528 -318.028 7.779 0.0
43.519 -317.651 7.435 1.0
43.454 -317.667 7.481 6.0
43.416 -317.683 7.537 2.0
43.382 -317.708 7.601 5.0
43.382 -317.683 7.606 1.0
43.319 -317.753 7.636 2.0
43.389 -317.671 7.592000000000001 3.0
43.411 -317.803 7.671 1.0
43.41900000000001 -317.802 7.669 0.0
43.376 -317.667 7.661 6.0
43.467 -317.8 7.553 0.0
43.376 -317.67 7.663 6.0
43.478 -317.666 7.559 2.0
43.44 -317.835 7.495 8.0
43.426 -317.639 7.443000000000001 2.0
43.384 -317.583 7.633 3.0
43.403 -317.507 7.666 2.0
43.441 -317.595 7.62 5.0
43.473 -317.13 7.606 1.0
43.402 -317.026 7.531000000000001 2.0
43.429 -317.026 7.576000000000001 1.0
43.429 -316.925 7.602 1.0
43.374 -317.828 7.677 5.0
43.42200000000001 -317.661 7.634 0.0
43.451 -316.832 7.68 0.0
43.45 -316.718 7.709000000000001 1.0
43.446 -316.793 7.637 1.0
43.397 -317.738 7.622 2.0
43.4 -317.709 7.628 2.0
43.404 -317.668 7.683 4.0
43.42200000000001 -317.67 7.697 1.0
43.47 -317.669 7.772 3.0
43.467 -317.659 7.589 3.0
43.393 -317.646 7.714 3.0
43.505 -317.601 7.826000000000001 1.0
43.501 -317.6380000000001 7.856 3.0
43.502 -317.404 7.767 1.0
43.443 -317.6260000000001 7.612 8.0
43.47 -317.623 7.61 7.0
43.431 -317.383 7.814 2.0
43.49 -317.335 7.879 1.0
43.449 -317.062 7.623 2.0
43.497 -316.802 7.793 1.0
43.502 -316.766 7.771 1.0
43.506 -316.7990000000001 7.834000000000001 1.0
43.429 -316.846 7.567 0.0
43.45 -316.601 7.738 2.0
43.443 -316.694 7.662 1.0
43.526 -317.7390000000001 7.797000000000001 1.0
43.525 -317.58 7.787 3.0
43.45 -315.611 7.707 3.0
43.48600000000001 -316.201 7.717000000000001 3.0
43.49 -316.057 7.751 1.0
43.501 -317.371 7.864 2.0
43.476 -316.19 7.841 1.0
43.41900000000001 -315.504 7.807 3.0
43.503 -315.532 7.762 4.0
43.42800000000001 -315.473 7.768 4.0
43.392 -315.305 7.78 2.0
43.512 -315.348 7.718 1.0
43.503 -315.268 7.74 4.0
43.467 -315.338 7.795 3.0
43.512 -315.309 7.804 3.0
43.497 -316.676 7.863 0.0
43.506 -315.188 7.732 0.0
43.504 -315.153 7.73 0.0
43.493 -315.103 7.754 3.0
43.475 -315.12 7.78 2.0
43.476 -315.063 7.86 1.0
43.476 -316.432 7.78 3.0
43.458 -314.872 7.8 1.0
43.435 -314.834 7.717000000000001 3.0
43.475 -314.856 7.717000000000001 0.0
43.46 -314.826 7.83 2.0
43.457 -314.704 7.698 2.0
43.496 -316.111 7.801 1.0
43.477 -314.218 7.708 0.0
43.479 -316.092 7.82 0.0
43.403 -315.3 7.744 3.0
43.487 -315.439 7.772 1.0
43.526 -315.437 7.776 2.0
43.446 -314.4120000000001 7.762 1.0
43.451 -314.319 7.717000000000001 1.0
43.477 -315.214 7.754 1.0
43.439 -314.325 7.786 2.0
43.351 -314.078 7.801 1.0
43.408 -314.17 7.818000000000001 1.0
43.45 -314.226 7.743 2.0
43.408 -314.959 7.735 3.0
43.455 -314.041 7.754 2.0
43.463 -314.96 7.798 2.0
43.478 -313.881 7.735 0.0
43.383 -314.761 7.787 3.0
43.455 -313.802 7.755 3.0
43.438 -313.85 7.804 2.0
43.426 -313.647 7.749000000000001 2.0
43.46 -314.4000000000001 7.695 2.0
43.306 -313.488 7.785 2.0
43.407 -313.545 7.774 2.0
43.31 -313.403 7.774 2.0
43.434 -314.085 7.675 3.0
43.392 -313.289 7.754 1.0
43.397 -313.089 7.81 1.0
43.378 -314.246 7.782 3.0
43.424 -314.137 7.772 2.0
43.442 -314.142 7.766 1.0
43.445 -313.949 7.778 1.0
43.339 -313.485 7.749000000000001 2.0
43.43 -313.597 7.806 1.0
43.399 -313.319 7.837 2.0
43.388 -313.132 7.724 3.0
24.169 -302.308 2.946 60.0
24.262 -302.213 2.937 18.0
24.229 -301.642 2.643 1.0
24.197 -301.842 3.073 20.0
24.194 -301.715 3.061 54.0
24.252 -301.7870000000001 3.067 62.0
24.347 -301.644 3.054 33.0
18.614 -304.909 8.278 2.0
18.802 -304.905 8.248 1.0
18.797 -304.929 8.278 2.0
18.707 -304.882 8.233 1.0
18.851 -304.892 8.284 2.0
19.041 -304.914 8.269 1.0
19.285 -304.897 8.213000000000001 3.0
19.089 -304.892 8.213000000000001 3.0
19.014 -304.89 8.266 3.0
19.299 -304.893 8.192 3.0
19.3 -304.869 8.211 0.0
19.411 -304.898 8.208 0.0
19.385 -304.892 8.191 2.0
19.488 -304.8880000000001 8.169 0.0
19.664 -304.855 8.191 0.0
19.56 -304.883 8.219 1.0
19.664 -304.879 8.237 2.0
19.618000000000006 -304.883 8.288 3.0
19.709 -304.889 8.263 1.0
19.327 -304.874 8.501 0.0
18.642 -304.898 8.532 1.0
18.664 -304.8880000000001 8.556000000000001 1.0
18.925 -304.894 8.543000000000001 2.0
19.198 -304.884 8.52 0.0
19.774 -304.8760000000001 8.206 0.0
19.785 -304.87 8.205 0.0
19.796 -304.875 8.253 1.0
20.107 -304.861 8.237 3.0
19.898 -304.846 8.454 3.0
19.982 -304.871 8.476 1.0
20.398 -304.935 8.214 2.0
20.124 -304.875 8.214 1.0
20.137 -304.879 8.223 2.0
20.363 -304.847 8.181000000000001 1.0
20.393 -304.8760000000001 8.199 2.0
20.428 -304.861 8.188 2.0
20.483 -304.858 8.188 3.0
20.444 -304.85 8.219 4.0
20.467 -304.844 8.239 0.0
20.138 -304.901 8.487 3.0
20.334 -304.909 8.452 0.0
20.403 -304.833 8.45 0.0
20.427 -304.885 8.476 2.0
19.183 -304.901 8.534 1.0
20.686 -304.843 8.171 4.0
20.749 -304.855 8.172 1.0
20.822 -304.867 8.168000000000001 1.0
20.67 -304.84 8.419 1.0
20.949 -304.857 8.208 4.0
21.039 -304.855 8.193 1.0
21.098 -304.828 8.164 4.0
21.098 -304.833 8.194 3.0
20.933 -304.85 8.218 0.0
21.014 -304.841 8.214 3.0
21.112 -304.8520000000001 8.178 1.0
21.29 -304.836 8.137 1.0
21.304000000000006 -304.836 8.151 1.0
21.215 -304.818 8.185 0.0
20.907 -304.8520000000001 8.423 2.0
21.048 -304.842 8.449 5.0
21.12 -304.879 8.437 2.0
21.146 -304.865 8.438 3.0
21.153 -304.846 8.436 2.0
21.164 -304.8520000000001 8.42 0.0
21.566 -304.813 8.152000000000001 2.0
21.546 -304.862 8.192 2.0
21.68 -304.841 8.154 3.0
21.634 -304.86 8.174 4.0
21.307000000000006 -304.82 8.382 0.0
21.334 -304.81 8.384 1.0
21.489 -304.85 8.442 2.0
21.577 -304.844 8.421 1.0
21.585 -304.86 8.428 3.0
21.763 -304.838 8.192 3.0
21.835 -304.816 8.158 4.0
20.943 -304.841 8.427 4.0
21.854 -304.832 8.154 1.0
21.814 -304.822 8.193 2.0
21.932000000000006 -304.827 8.151 0.0
21.957 -304.828 8.147 0.0
22.047 -304.814 8.188 0.0
21.725 -304.8520000000001 8.388 2.0
21.798 -304.858 8.366 0.0
21.792 -304.803 8.443 1.0
21.865 -304.799 8.419 3.0
21.922 -304.821 8.402000000000001 2.0
21.971 -304.835 8.376 1.0
22.097 -304.827 8.378 0.0
21.938 -304.831 8.419 3.0
22.407 -304.788 8.096 2.0
22.574 -304.805 8.101 4.0
22.616 -304.799 8.103 5.0
22.522000000000006 -304.792 8.106 1.0
22.122 -304.817 8.188 4.0
22.118000000000006 -304.814 8.193 1.0
22.494 -304.807 8.120000000000001 1.0
22.201 -304.799 8.363 1.0
22.128 -304.798 8.426 0.0
22.456 -304.813 8.394 2.0
22.588 -304.84 8.13 4.0
22.602 -304.791 8.205 0.0
22.715 -304.805 8.120000000000001 1.0
22.755 -304.821 8.124 5.0
22.579 -304.81 8.376 0.0
22.869 -304.822 8.351 4.0
22.892 -304.789 8.323 0.0
19.901 -304.862 8.539 2.0
19.985 -304.871 8.515 0.0
22.403 -304.802 8.122 1.0
23.265 -304.77 7.998 2.0
23.137 -304.782 8.054 0.0
23.234 -304.772 8.108 2.0
23.199 -304.769 8.105 2.0
23.407 -304.766 8.098 5.0
22.979 -304.81 8.134 3.0
22.997 -304.796 8.131 5.0
23.061 -304.816 8.369 3.0
22.953 -304.78 8.398 0.0
23.076 -304.772 8.326 0.0
23.506 -304.766 8.123 4.0
23.872 -304.748 8.102 2.0
23.908 -304.767 8.07 3.0
24.115 -304.745 8.083 2.0
24.278000000000002 -304.742 8.098 1.0
24.493000000000006 -304.807 8.091 2.0
24.411 -304.74 8.037 1.0
24.472 -304.732 8.025 0.0
24.406 -304.794 8.094 3.0
23.814 -304.761 8.117 3.0
23.728 -304.765 8.226 0.0
24.0 -304.771 8.115 3.0
24.122 -304.797 8.344 3.0
24.173 -304.817 8.327 1.0
24.512 -304.802 8.079 2.0
24.575 -304.726 8.036 3.0
24.801 -304.77 8.049 0.0
25.276 -304.728 8.008000000000001 1.0
25.351 -304.74 8.059000000000001 3.0
25.571 -304.719 8.072000000000001 0.0
25.582 -304.714 8.083 2.0
25.618000000000006 -304.707 8.059000000000001 7.0
25.532 -304.699 8.165000000000001 1.0
25.592000000000002 -304.698 8.241 4.0
25.507 -304.694 8.223 0.0
25.655 -304.687 8.25 0.0
25.691 -304.68 8.214 0.0
26.43 -304.683 7.986 7.0
26.301 -304.68 8.046 2.0
26.533 -304.6620000000001 8.221 0.0
26.561 -304.67 8.244 4.0
26.554000000000006 -304.669 8.238 1.0
26.999000000000002 -304.707 8.022 4.0
27.089000000000006 -304.713 8.002 2.0
27.139 -304.689 8.054 0.0
27.187 -304.665 8.103 0.0
27.415 -304.671 7.97 6.0
27.473 -304.66 7.985 4.0
27.568 -304.659 7.939 0.0
27.577 -304.664 7.947 1.0
27.519 -304.656 7.973 1.0
27.598 -304.658 8.007 6.0
27.644 -304.6500000000001 7.998 2.0
27.546 -304.657 8.019 5.0
27.039 -304.665 8.151 0.0
27.098 -304.669 8.137 3.0
27.205 -304.657 8.118 2.0
27.235 -304.67 8.178 2.0
27.64 -304.654 8.182 6.0
27.689 -304.642 7.989 0.0
27.689 -304.655 8.169 4.0
27.688 -304.651 8.187 4.0
27.74 -304.6500000000001 8.176 3.0
27.84 -304.642 8.156 0.0
27.79 -304.646 8.166 1.0
27.856 -304.637 8.21 1.0
27.892 -304.685 8.138 1.0
28.362 -304.6500000000001 8.185 0.0
28.412 -304.639 8.178 1.0
28.461000000000006 -304.627 8.171 1.0
27.515 -304.661 7.95 1.0
28.557000000000006 -304.714 7.961 2.0
28.53 -304.641 7.954 0.0
28.662 -304.635 7.922000000000001 2.0
28.7 -304.624 7.915 0.0
28.863 -304.631 7.973 6.0
28.714000000000006 -304.618 8.102 3.0
28.871000000000006 -304.6260000000001 8.069 1.0
29.247 -304.634 7.837 1.0
28.889 -304.629 7.935 6.0
28.936 -304.6260000000001 7.926 4.0
28.947 -304.617 7.957 1.0
28.901 -304.617 7.968 3.0
28.997 -304.627 7.923 4.0
28.981 -304.619 7.918 1.0
28.997 -304.618 7.94 2.0
29.056 -304.62 7.930000000000001 4.0
28.925 -304.633 8.057 0.0
29.113 -304.639 7.923 4.0
29.114 -304.618 7.921 5.0
28.73 -304.613 8.116 1.0
28.912 -304.62 8.132 2.0
28.964000000000006 -304.607 8.208 0.0
28.99 -304.6020000000001 8.124 1.0
29.004 -304.689 8.194 2.0
29.059 -304.6140000000001 8.184000000000001 3.0
29.144 -304.618 8.148 3.0
29.191 -304.615 8.138 3.0
28.93 -304.672 8.199 1.0
29.341 -304.606 7.888 0.0
29.373 -304.667 7.945 1.0
29.343 -304.663 7.975000000000001 2.0
29.423 -304.66 7.963 3.0
29.409 -304.645 8.003 5.0
29.471 -304.64 7.994 4.0
29.603 -304.619 8.01 0.0
29.55 -304.61 8.07 0.0
29.59 -304.6020000000001 8.063 0.0
29.965 -304.619 7.893 3.0
29.997 -304.605 7.86 5.0
29.721 -304.605 7.942 3.0
29.771 -304.601 7.934 6.0
29.767 -304.623 7.982 4.0
29.821 -304.598 7.925 5.0
29.818 -304.616 7.975000000000001 3.0
29.869 -304.606 7.969 1.0
30.045 -304.652 7.947 6.0
30.062 -304.593 7.961 1.0
29.302 -304.685 8.152000000000001 2.0
29.28 -304.604 8.122 0.0
29.326 -304.593 8.142 2.0
29.875 -304.611 8.119 1.0
29.884 -304.601 8.121 1.0
30.082 -304.596 7.863 3.0
30.171 -304.605 7.882000000000001 2.0
30.213 -304.601 7.895 5.0
30.088 -304.593 7.846 5.0
30.283 -304.595 7.886 3.0
30.287 -304.582 7.879 5.0
30.345 -304.58 7.871 3.0
30.404 -304.579 7.862 2.0
30.419 -304.594 7.895 6.0
30.19 -304.596 7.932 3.0
30.103 -304.59 7.952 8.0
30.146 -304.591 7.943000000000001 7.0
30.228 -304.587 7.926 0.0
30.436 -304.58 8.057 3.0
30.449 -304.594 8.108 2.0
30.615 -304.577 7.909 3.0
30.693 -304.58 7.897 4.0
30.761 -304.589 7.892 3.0
30.773 -304.583 7.886 3.0
30.852 -304.575 7.877 3.0
30.502 -304.587 7.986 4.0
30.577 -304.581 8.031 0.0
30.66 -304.555 8.012 3.0
30.7 -304.578 8.101 3.0
30.325 -304.612 8.192 1.0
30.374000000000002 -304.599 8.187 3.0
30.426 -304.598 8.179 1.0
30.298 -304.594 8.128 1.0
30.713 -304.63 8.119 0.0
30.857 -304.594 8.144 2.0
31.25 -304.623 7.905 4.0
31.25 -304.621 7.921 3.0
31.175 -304.582 8.009 0.0
31.211000000000006 -304.558 8.01 0.0
31.24 -304.55 8.076 2.0
31.222 -304.588 8.098 0.0
31.356 -304.615 7.908 3.0
31.662 -304.575 7.866000000000001 3.0
31.236 -304.622 8.135 3.0
31.686 -304.548 7.862 6.0
31.704 -304.549 7.848 4.0
31.74 -304.548 7.855 6.0
31.744 -304.552 7.896 5.0
31.837 -304.546 7.825 6.0
31.835 -304.54 7.833 2.0
31.791 -304.552 7.889 7.0
31.838 -304.552 7.882000000000001 6.0
31.862 -304.549 7.873 4.0
31.968 -304.536 7.807 3.0
32.012 -304.54 7.799 2.0
31.869 -304.549 7.845 3.0
31.967000000000002 -304.536 7.817 1.0
31.953 -304.544 7.827 0.0
31.886 -304.555 7.873 4.0
31.932000000000006 -304.548 7.868 2.0
31.923 -304.561 7.882000000000001 0.0
31.944 -304.549 7.863 4.0
31.962 -304.551 7.878 4.0
32.026 -304.548 7.853 3.0
32.003 -304.551 7.871 8.0
32.023 -304.544 7.888 4.0
31.808 -304.56 7.913 2.0
31.92 -304.542 7.982 0.0
32.009 -304.567 7.938 6.0
32.173 -304.612 7.901 3.0
32.084 -304.545 7.86 6.0
32.126 -304.549 7.851 2.0
32.163000000000004 -304.535 7.849 1.0
32.188 -304.529 7.836 1.0
32.224000000000004 -304.567 7.879 1.0
32.281 -304.568 7.813 3.0
32.409 -304.552 7.858000000000001 5.0
32.215 -304.549 8.029 1.0
32.295 -304.571 7.956 4.0
32.283 -304.54 8.096 0.0
32.325 -304.529 8.082 1.0
32.452 -304.538 8.06 2.0
32.377 -304.547 8.079 2.0
32.557 -304.639 7.836 3.0
32.472 -304.557 7.850000000000001 8.0
32.779 -304.593 7.878 3.0
32.528 -304.555 7.929 1.0
32.488 -304.598 8.101 2.0
32.522 -304.535 8.059000000000001 3.0
32.51 -304.528 8.064 10.0
32.623 -304.579 8.086 2.0
32.775 -304.53 7.949 1.0
32.818 -304.526 7.944 0.0
32.836 -304.601 8.085 4.0
32.67 -304.594 8.094 3.0
32.899 -304.59 7.866000000000001 3.0
32.881 -304.569 7.889 6.0
32.921 -304.567 7.898000000000001 1.0
33.106 -304.563 7.876 6.0
33.137 -304.541 7.887 4.0
32.931 -304.544 7.999000000000001 0.0
32.974000000000004 -304.5250000000001 7.998 0.0
32.892 -304.584 8.092 5.0
32.529 -304.543 8.163 3.0
33.230000000000004 -304.58 8.085 1.0
32.579 -304.545 8.155 5.0
32.676 -304.539 8.143 3.0
32.776 -304.544 8.128 1.0
32.873 -304.535 8.117 1.0
33.331 -304.504 7.83 3.0
33.55 -304.555 8.074 3.0
33.534 -304.577 8.087 3.0
33.676 -304.553 7.832 1.0
33.716 -304.573 7.905 2.0
33.804 -304.543 7.878 5.0
34.05 -304.547 7.846 3.0
33.961 -304.556 7.88 3.0
33.682 -304.577 8.037 1.0
33.695 -304.546 8.119 1.0
34.249 -304.496 7.78 2.0
34.202 -304.557 7.861 3.0
34.205 -304.541 7.856 3.0
34.171 -304.485 7.777 8.0
34.105000000000004 -304.471 7.909 3.0
34.255 -304.481 7.768 2.0
34.334 -304.486 7.834000000000001 7.0
34.687 -304.529 8.074 3.0
34.833 -304.542 8.063 2.0
34.955 -304.521 8.07 1.0
35.064 -304.5250000000001 8.075 3.0
34.902 -304.467 8.052 7.0
35.34 -304.518 7.849 2.0
35.465 -304.51 7.837 2.0
35.56 -304.52 7.831 4.0
35.59 -304.518 7.828 3.0
35.33 -304.533 8.03 2.0
35.321 -304.528 8.040000000000001 1.0
35.397 -304.503 8.089 1.0
35.76 -304.508 7.841 3.0
35.839 -304.504 7.834000000000001 4.0
35.76 -304.438 7.771 5.0
35.93 -304.475 7.902 6.0
35.674 -304.53 8.027000000000001 1.0
37.054 -304.483 7.804 4.0
37.181 -304.467 7.836 3.0
38.332 -304.378 7.761 0.0
38.406 -304.386 7.753 2.0
38.122 -304.441 8.031 2.0
38.153 -304.399 8.032 1.0
38.217 -304.387 8.03 2.0
35.7 -304.514 7.819 5.0
38.276 -304.445 8.069 1.0
35.825 -304.435 7.765000000000001 6.0
38.42200000000001 -304.452 8.064 3.0
35.871 -304.482 7.906000000000001 9.0
36.011 -304.45 7.882000000000001 4.0
36.045 -304.478 7.890000000000001 3.0
35.758 -304.485 8.015 2.0
38.572 -304.37 7.719 2.0
38.559 -304.372 7.741000000000001 3.0
38.636 -304.369 7.735 3.0
38.592 -304.374 7.771 4.0
38.589 -304.4120000000001 7.831 1.0
38.594 -304.393 8.002 1.0
38.469 -304.382 8.013 2.0
38.659 -304.379 8.001 0.0
38.671 -304.362 8.008000000000001 1.0
38.206 -304.456 8.074 0.0
38.942 -304.356 7.687 3.0
38.327 -304.396 8.034 1.0
39.216 -304.374 7.659 1.0
38.97 -304.419 7.791 4.0
38.86400000000001 -304.362 7.715 2.0
38.452 -304.38 7.782 4.0
39.076 -304.416 7.783 4.0
39.079 -304.373 7.73 0.0
39.05000000000001 -304.38 7.834000000000001 3.0
38.966 -304.369 8.052 1.0
39.132 -304.343 7.988 0.0
38.523 -304.428 7.838 4.0
39.311 -304.347 7.791 0.0
39.387 -304.341 7.751 2.0
39.357 -304.359 7.786 0.0
39.399 -304.379 7.779 0.0
39.416 -304.357 7.765000000000001 4.0
39.431 -304.394 7.797000000000001 1.0
38.849 -304.362 7.694 4.0
39.453 -304.366 7.782 0.0
39.504 -304.36 7.782 0.0
39.094 -304.459 7.732 2.0
39.625 -304.398 8.051 3.0
39.677 -304.341 7.744 2.0
39.763 -304.346 7.736 1.0
39.851 -304.402 7.787 2.0
39.98900000000001 -304.387 7.781000000000001 1.0
39.427 -304.406 7.8 6.0
40.205 -304.392 7.777 1.0
40.289 -304.434 7.784 1.0
40.293 -304.332 7.769 2.0
40.378 -304.311 7.765000000000001 3.0
40.454 -304.333 7.755 4.0
40.603 -304.372 8.074 3.0
40.65 -304.372 8.044 6.0
41.869 -304.342 8.06 2.0
39.551 -304.365 7.779 0.0
39.561 -304.41 8.043000000000001 2.0
39.546 -304.409 8.057 3.0
39.92200000000001 -304.4000000000001 7.785 2.0
40.062 -304.393 7.78 1.0
40.269 -304.32 8.054 1.0
41.844 -304.32 8.08 1.0
42.217 -304.34 7.789000000000001 2.0
42.284 -304.339 7.777 2.0
42.342 -304.342 7.783 2.0
42.779 -304.332 7.763 3.0
42.046 -304.347 8.128 1.0
42.883 -304.336 7.76 4.0
42.92500000000001 -304.332 7.758 3.0
42.643 -304.315 7.762 1.0
42.73900000000001 -304.327 7.762 3.0
42.832 -304.332 7.76 3.0
13.007 -305.098 8.485 3.0
13.13 -305.069 8.482 1.0
13.159 -305.089 8.492 1.0
13.018 -305.093 8.522 2.0
15.536 -305.017 8.387 3.0
15.542 -304.986 8.368 1.0
13.777000000000003 -305.07 8.844 1.0
13.801 -305.06 8.833 1.0
13.797 -305.061 8.838000000000001 2.0
16.155 -304.973 8.655 2.0
16.227 -304.964 8.674 2.0
16.136 -304.97 8.745000000000001 1.0
16.875 -304.976 8.317 1.0
17.344 -304.959 8.306000000000001 3.0
17.356 -304.964 8.309000000000001 2.0
17.324 -304.967 8.327 3.0
17.999 -304.903 8.234 1.0
18.335 -304.923 8.298 2.0
18.527 -304.905 8.599 1.0
18.548 -304.88 8.574 0.0
44.193 -350.046 2.655 17.0
44.179 -350.083 2.78 53.0
44.127 -350.035 2.811 18.0
44.168 -350.059 2.817 65.0
44.158 -350.0370000000001 2.821 38.0
44.168 -350.042 2.841 46.0
44.163 -350.035 2.863 73.0
44.123 -349.987 2.837 15.0
44.05300000000001 -349.956 2.881 15.0
44.188 -350.0130000000001 2.89 40.0
44.144 -349.94 2.911 21.0
44.176 -350.009 2.889 50.0
44.18 -350.0 2.92 37.0
44.209 -349.902 2.862 9.0
44.16900000000001 -350.087 2.762 39.0
44.14 -350.066 2.771 38.0
44.152 -350.058 2.764 32.0
44.133 -350.008 2.824 18.0
44.18 -350.075 2.791 47.0
44.192 -350.076 2.789 42.0
44.195 -350.075 2.795 40.0
44.182 -350.046 2.817 43.0
44.113 -349.967 2.874 14.0
44.188 -350.007 2.937 37.0
44.179 -349.98 2.939 51.0
44.179 -349.995 2.936 50.0
44.183 -349.994 2.953 33.0
44.181 -349.965 2.955 44.0
44.17800000000001 -349.982 2.974 35.0
44.182 -349.979 2.976 39.0
44.177 -349.945 2.992 43.0
44.2 -349.9360000000001 2.993 33.0
44.194 -349.927 3.027 41.0
44.191 -349.812 2.978 14.0
44.2 -349.903 3.052 33.0
44.206 -349.897 3.05 31.0
44.186 -349.911 3.057 42.0
44.177 -349.894 3.058 42.0
44.177 -349.897 3.065 33.0
44.186 -349.887 3.064 4.0
44.154 -349.863 3.085 35.0
44.173 -349.874 3.114 48.0
44.132 -349.842 3.115 15.0
44.182 -349.873 3.088 20.0
44.183 -349.879 3.097 51.0
44.197 -349.862 3.109 10.0
44.184 -349.872 3.118 37.0
44.186 -349.857 3.115 42.0
44.29400000000001 -349.869 3.08 14.0
44.184 -349.856 3.145 38.0
44.176 -349.846 3.163 38.0
44.17200000000001 -349.821 3.19 55.0
44.149 -349.792 3.219 12.0
44.156 -349.827 3.156 25.0
44.16900000000001 -349.835 3.159 52.0
44.155 -349.8110000000001 3.176 43.0
44.186 -349.822 3.195 43.0
44.187 -349.81 3.227 46.0
44.183 -349.793 3.223 45.0
44.162 -349.957 2.977 72.0
44.158 -349.954 2.98 33.0
44.152 -349.938 2.97 40.0
44.161 -349.947 2.984 19.0
44.166 -349.938 3.001 49.0
44.158 -349.934 2.949 16.0
44.184 -349.794 3.241 41.0
44.158 -349.755 3.283 26.0
44.167 -349.753 3.295 62.0
44.16 -349.93 3.027 61.0
44.157 -349.883 3.052 28.0
44.155 -349.883 3.071 18.0
44.17200000000001 -349.854 3.136 76.0
44.156 -349.847 3.137 27.0
44.164 -349.839 3.174 44.0
44.121 -349.78 3.191 13.0
44.18 -349.76 3.282 35.0
44.19 -349.747 3.281 42.0
44.181 -349.746 3.292 39.0
44.177 -349.747 3.303 32.0
44.181 -349.746 3.3 20.0
44.179 -349.781 3.229 35.0
44.209 -349.772 3.24 23.0
44.179 -349.779 3.255 52.0
44.182 -349.776 3.275 46.0
44.156 -349.724 3.285 15.0
44.171 -349.733 3.316 51.0
44.156 -349.697 3.315 5.0
44.183 -349.718 3.333 45.0
44.183 -349.705 3.385 42.0
44.177 -349.719 3.371 44.0
44.185 -349.698 3.398 48.0
44.199 -349.706 3.355 37.0
44.2 -349.692 3.393 42.0
44.17800000000001 -349.678 3.411 46.0
44.189 -349.675 3.427 43.0
44.17500000000001 -349.666 3.434 50.0
44.186 -349.676 3.452 43.0
44.162 -349.647 3.48 38.0
44.191 -349.639 3.458 43.0
44.183 -349.657 3.47 47.0
44.182 -349.622 3.472 19.0
44.168 -349.61 3.519 43.0
44.17800000000001 -349.6020000000001 3.538 33.0
44.188 -349.591 3.548 47.0
44.18 -349.603 3.567 59.0
44.182 -349.603 3.57 40.0
44.179 -349.587 3.571 49.0
44.188 -349.585 3.563 43.0
44.186 -349.576 3.568 41.0
44.173 -349.547 3.597 43.0
44.188 -349.562 3.591 43.0
44.2 -349.581 3.578 39.0
44.204 -349.573 3.595 40.0
44.18 -349.573 3.612 49.0
44.189 -349.581 3.616 9.0
44.193 -349.556 3.612 45.0
44.182 -349.544 3.613 42.0
44.17800000000001 -349.555 3.627 46.0
44.18 -349.562 3.633 22.0
44.199 -349.558 3.649 31.0
44.149 -349.508 3.613 25.0
44.207 -349.34 3.62 2.0
44.145 -349.474 3.642 14.0
44.177 -349.529 3.683 47.0
44.17500000000001 -349.5 3.685 38.0
44.18 -349.504 3.708 44.0
44.18 -349.503 3.724 66.0
44.206 -349.2870000000001 3.67 12.0
44.149 -349.192 3.72 0.0
44.161 -349.7270000000001 3.343 43.0
44.161 -349.714 3.362 26.0
44.168 -349.716 3.355 51.0
44.173 -349.6500000000001 3.454 48.0
44.17200000000001 -349.656 3.471 39.0
44.181 -349.636 3.517 41.0
44.184 -349.624 3.501 45.0
44.181 -349.599 3.519 41.0
44.16900000000001 -349.582 3.532 17.0
44.17200000000001 -349.566 3.572 22.0
44.188 -349.587 3.589 38.0
44.183 -349.589 3.59 40.0
44.186 -349.553 3.681 28.0
44.197 -349.552 3.68 2.0
44.195 -349.538 3.707 1.0
44.144 -349.476 3.619 25.0
44.21 -349.355 3.575 8.0
44.179 -349.528 3.628 43.0
44.187 -349.531 3.633 45.0
44.183 -349.531 3.652 43.0
44.17800000000001 -349.527 3.668 44.0
44.202 -349.536 3.666 11.0
44.15 -349.474 3.681 18.0
44.16900000000001 -349.482 3.723 35.0
44.17 -349.459 3.717 25.0
44.197 -349.329 3.636 0.0
44.207 -349.334 3.634 1.0
44.197 -349.312 3.636 12.0
44.203 -349.277 3.694 8.0
44.201 -349.267 3.698 2.0
44.205 -349.25 3.714 16.0
44.164 -349.458 3.731 37.0
44.157 -349.448 3.748 3.0
44.184 -349.484 3.747 51.0
44.179 -349.471 3.744 42.0
44.193 -349.482 3.771 35.0
44.185 -349.473 3.768 37.0
44.183 -349.463 3.769 37.0
44.186 -349.47 3.772 51.0
44.176 -349.444 3.759 36.0
44.176 -349.45 3.774 30.0
44.184 -349.442 3.773 34.0
44.188 -349.481 3.782 8.0
44.189 -349.473 3.794 23.0
44.194 -349.454 3.782 44.0
44.183 -349.452 3.801 40.0
44.09 -349.3520000000001 3.787 2.0
44.2 -349.449 3.779 41.0
44.123 -349.357 3.815 13.0
44.2 -349.441 3.794 44.0
44.183 -349.459 3.806 22.0
44.153 -349.425 3.778 23.0
44.151 -349.418 3.79 21.0
44.164 -349.417 3.793 25.0
44.149 -349.3760000000001 3.82 6.0
44.21 -349.46 3.83 4.0
44.182 -349.435 3.833 39.0
44.194 -349.433 3.833 47.0
44.176 -349.422 3.85 49.0
44.193 -349.409 3.833 43.0
44.188 -349.399 3.835 23.0
44.17800000000001 -349.391 3.851 26.0
44.195 -349.395 3.869 47.0
44.151 -349.381 3.854 25.0
44.184 -349.402 3.881 66.0
44.186 -349.392 3.878 35.0
44.186 -349.41 3.91 38.0
44.188 -349.407 3.904 33.0
44.194 -349.402 3.912 19.0
44.192 -349.38 3.904 50.0
44.199 -349.37 3.902 39.0
44.188 -349.384 3.917 45.0
44.193 -349.348 3.919 26.0
44.212 -349.355 3.905 6.0
44.282 -349.353 3.831 10.0
44.186 -349.38 3.938 26.0
44.188 -349.367 3.933 51.0
44.194 -349.337 3.934 22.0
44.17500000000001 -349.353 3.94 79.0
44.183 -349.353 3.978 23.0
44.177 -349.357 3.957 4.0
44.182 -349.36 3.97 18.0
44.185 -349.3520000000001 3.973 36.0
44.189 -349.353 3.975 35.0
44.225 -349.342 3.945 33.0
44.211 -349.521 3.739 0.0
44.183 -349.495 3.745 37.0
44.191 -349.498 3.742 41.0
44.207 -349.208 3.784 15.0
44.207 -349.197 3.806 6.0
44.17200000000001 -349.454 3.783 61.0
44.125 -349.427 3.728 17.0
44.185 -349.427 3.784 38.0
44.17800000000001 -349.426 3.806 17.0
44.19 -349.428 3.806 45.0
44.177 -349.417 3.812 42.0
44.203 -349.164 3.835 12.0
44.195 -349.326 3.94 19.0
44.203 -349.33 3.969 41.0
44.209 -349.328 3.972 29.0
44.21 -349.328 3.974 37.0
44.157 -349.28 4.013 21.0
44.191 -349.31 4.028 47.0
44.196 -349.301 4.038 50.0
44.194 -349.301 4.041 43.0
44.189 -349.301 4.06 50.0
44.174 -349.375 3.915 45.0
44.173 -349.245 4.063 32.0
44.225 -349.365 3.858 24.0
44.193 -349.305 4.094 0.0
44.201 -349.29 4.094 37.0
44.208 -349.292 4.091 26.0
44.206 -349.291 4.106 5.0
44.195 -349.265 4.094 43.0
44.191 -349.264 4.095 46.0
44.185 -349.2510000000001 4.096 49.0
44.183 -349.266 4.109 43.0
44.177 -349.229 4.11 7.0
44.182 -349.225 4.112 5.0
44.227 -349.297 3.997 0.0
44.109 -349.285 3.8 2.0
44.195 -349.108 3.928 3.0
44.207 -349.0610000000001 3.976 9.0
44.222 -348.986 4.038 0.0
44.197 -349.276 4.128 11.0
44.201 -349.281 4.147 33.0
44.185 -349.252 4.148 23.0
44.2 -349.242 4.206 21.0
44.165 -349.224 4.145 0.0
44.159 -349.202 4.126 9.0
44.186 -349.222 4.148 23.0
44.211 -349.233 4.187 17.0
44.217 -349.236 4.201 1.0
44.21 -349.228 4.216 14.0
44.18 -349.329 3.917 1.0
44.213 -349.118 4.392 4.0
44.212 -349.087 4.45 8.0
44.179 -349.331 3.978 37.0
44.19 -349.323 3.978 47.0
44.185 -349.32 3.996 39.0
44.197 -349.32 3.994 45.0
44.19 -349.314 3.997 46.0
44.201 -349.315 4.0 32.0
44.184 -349.312 4.018 47.0
44.189 -349.308 4.019 41.0
44.212 -349.063 4.486 12.0
44.218 -349.0370000000001 4.473 3.0
44.21 -348.926 4.161 14.0
44.181 -349.281 4.029 43.0
44.202 -349.284 4.028 36.0
44.197 -349.2750000000001 4.061 43.0
44.198 -349.257 4.064 30.0
44.221 -348.875 4.226 1.0
44.209 -348.772 4.382 16.0
44.23600000000001 -349.329 3.93 24.0
44.205 -349.027 4.032 7.0
44.219 -349.002 4.033 0.0
44.202 -349.002 4.068 21.0
44.206 -348.701 4.477 13.0
44.22 -348.667 4.487 1.0
44.21 -349.047 4.529 18.0
44.219 -348.994 4.606 5.0
44.211 -348.996 4.615 4.0
44.139 -349.185 4.154 17.0
44.205 -349.161 4.318 10.0
44.214 -349.142 4.324 0.0
44.215 -349.125 4.373 4.0
44.211 -348.932 4.711 6.0
44.206 -348.669 4.538 13.0
44.206 -348.655 4.54 6.0
44.212 -348.6140000000001 4.596 5.0
44.212 -348.607 4.596 2.0
44.218 -348.581 4.625 5.0
44.208 -348.575 4.643 12.0
44.227 -348.563 4.665 1.0
44.208 -348.919 4.191 2.0
44.217 -348.882 4.821 4.0
44.212 -348.846 4.879 6.0
44.206 -348.833 4.884 17.0
44.219 -348.819 4.919 3.0
44.229 -348.874 4.817 5.0
44.205 -348.734 4.422 5.0
44.21 -348.463 4.802 16.0
44.22 -348.455 4.807 7.0
44.215 -348.451 4.835 10.0
44.224 -348.416 4.857 0.0
44.216 -348.435 4.869 5.0
44.219 -348.418 4.874 4.0
44.219 -348.766 4.936 5.0
44.223 -348.771 5.003 9.0
44.225 -348.777 4.98 12.0
44.226 -348.776 5.003 12.0
44.213 -348.734 5.045 5.0
44.217 -348.733 5.06 7.0
44.218 -348.677 5.09 2.0
44.204 -348.629 4.565 6.0
44.22 -348.628 5.175 3.0
44.22 -348.637 5.193000000000001 2.0
44.22 -348.633 5.209000000000001 0.0
44.225 -348.618 5.244 2.0
44.228 -348.612 5.27 5.0
44.222 -348.877 4.838 14.0
44.213 -348.871 4.843 13.0
44.21 -348.847 4.861 3.0
44.231 -348.63 5.274 1.0
44.23300000000001 -348.592 5.301 6.0
44.216 -348.363 4.931 6.0
44.21 -348.351 4.961 18.0
44.222 -348.319 4.97 0.0
44.212 -348.331 4.973 5.0
44.217 -348.335 4.982 16.0
44.212 -348.316 5.015 20.0
44.225 -348.534 4.704 7.0
44.217 -348.306 5.039 8.0
44.214 -348.479 4.748 0.0
44.209 -348.294 5.05 10.0
44.21 -348.46 4.743 5.0
44.21 -348.4890000000001 4.755 6.0
44.212 -348.426 4.789 3.0
44.214 -348.25 5.074 3.0
44.224 -348.236 5.104 3.0
44.206 -348.238 5.121 10.0
44.213 -348.789 4.971 16.0
44.226 -348.821 4.924 7.0
44.227 -348.252 5.067 3.0
44.224 -348.718 5.095 9.0
44.224 -348.664 5.134 0.0
44.207 -348.642 5.151 1.0
44.219 -348.189 5.177 9.0
44.204 -348.187 5.186 5.0
44.217 -348.167 5.196 4.0
44.211 -348.151 5.238 3.0
44.211 -348.101 5.308 5.0
44.219 -348.1 5.302 11.0
44.226 -348.09 5.298 1.0
44.23 -348.676 5.169 6.0
44.23 -348.5610000000001 5.241000000000001 1.0
44.231 -348.573 5.362 3.0
44.23600000000001 -348.545 5.283 1.0
44.219 -348.4890000000001 5.49 20.0
44.244 -348.536 5.394 5.0
44.232 -348.496 5.487 7.0
44.247 -348.497 5.509 3.0
44.209 -348.278 5.072 0.0
44.241 -348.437 5.591 5.0
44.232 -348.421 5.616000000000001 8.0
44.248 -348.422 5.627 2.0
44.248 -348.375 5.661 0.0
44.235 -348.324 5.79 7.0
44.245 -348.322 5.792 7.0
44.23600000000001 -348.321 5.809 8.0
44.221 -348.214 5.122 0.0
44.253 -348.187 6.024 11.0
44.244 -348.157 6.056 5.0
44.231 -348.121 5.243 0.0
44.225 -348.095 5.238 3.0
44.248 -348.153 6.074 3.0
44.21 -348.089 5.338 1.0
44.215 -348.023 5.408 10.0
44.218 -347.972 5.464 9.0
44.227 -348.073 5.329 7.0
44.225 -348.063 5.341 1.0
44.225 -348.053 5.343 4.0
44.23300000000001 -348.535 5.427 3.0
44.243 -348.5010000000001 5.449 0.0
44.243 -348.483 5.502 2.0
44.229 -348.508 5.46 4.0
44.228 -348.44 5.567 4.0
44.221 -347.9120000000001 5.563 7.0
44.214 -347.898 5.58 12.0
44.24200000000001 -348.398 5.682 6.0
44.222 -347.833 5.658 4.0
44.23 -348.318 5.747 1.0
44.226 -347.8880000000001 5.539 1.0
44.244 -348.245 5.876 3.0
44.232 -348.193 6.008 5.0
44.226 -347.808 5.705 2.0
44.235 -347.7870000000001 5.707 1.0
44.22 -347.682 5.866000000000001 1.0
44.216 -348.003 5.423 4.0
44.214 -347.992 5.433 1.0
44.217 -347.998 5.463 0.0
44.214 -347.98 5.483000000000001 3.0
44.216 -347.988 5.484 0.0
44.215 -347.965 5.504 11.0
44.217 -347.948 5.506 5.0
44.25 -347.615 5.919 1.0
44.229 -347.512 6.031 2.0
44.246 -348.047 6.23 0.0
44.254 -348.064 6.218 1.0
44.246 -348.048 6.25 1.0
44.248 -347.976 6.391 3.0
44.262 -347.986 6.372 3.0
44.258 -347.984 6.384 0.0
44.187 -347.918 6.485 9.0
44.222 -347.923 6.478 8.0
44.225 -347.908 6.444 6.0
44.275 -347.94 6.478 5.0
44.235 -347.496 6.141 1.0
44.23600000000001 -347.476 6.146 4.0
44.24 -347.465 6.156 2.0
44.193 -347.904 6.521 6.0
44.202 -347.895 6.535 2.0
44.225 -347.669 5.91 1.0
44.228 -347.66 5.899 5.0
44.228 -347.649 5.901 2.0
44.238 -347.649 5.904 6.0
44.24 -347.813 6.719 18.0
44.258 -347.797 6.729 1.0
44.243 -347.784 6.739 19.0
44.217 -347.527 6.0 2.0
44.255 -347.741 6.71 2.0
44.251 -348.131 6.156 2.0
44.254 -348.1 6.211 1.0
44.222 -347.953 6.377 0.0
44.254 -347.962 6.437 2.0
44.213 -347.226 6.381 2.0
44.23600000000001 -347.925 6.479 6.0
44.259 -347.938 6.479 7.0
44.228 -347.889 6.508 4.0
44.221 -347.459 6.181 6.0
44.243 -347.323 6.363 6.0
44.245 -347.305 6.397 8.0
44.228 -347.2390000000001 6.478 1.0
44.243 -347.207 6.487 1.0
44.226 -347.2270000000001 6.497 3.0
44.243 -347.198 6.515000000000001 3.0
44.228 -347.382 6.281 1.0
44.241 -347.773 6.703 1.0
44.263 -347.777 6.714 2.0
44.252 -347.125 6.615 6.0
44.246 -347.112 6.598 5.0
44.231 -347.116 6.612 4.0
44.249 -347.1140000000001 6.641 6.0
44.231 -347.105 6.63 10.0
44.23900000000001 -347.096 6.648000000000001 3.0
44.254 -347.096 6.656000000000001 5.0
44.257 -347.106 6.668 5.0
44.24 -347.188 6.577 6.0
44.23300000000001 -347.077 6.673 0.0
44.23300000000001 -346.974 6.843 9.0
44.264 -346.982 6.857 1.0
44.27 -346.918 6.893 2.0
44.219 -347.658 6.929 6.0
44.223 -347.653 6.958 5.0
44.22 -347.619 7.009 2.0
44.21 -347.624 7.018 3.0
44.276 -347.617 7.014 2.0
44.267 -347.627 7.018 5.0
44.235 -347.596 7.06 5.0
44.223 -347.522 7.005 4.0
44.223 -347.544 7.125 7.0
44.281 -347.483 7.316 0.0
44.27 -347.431 7.374000000000001 5.0
44.247 -347.37 7.406000000000001 2.0
44.274 -347.345 7.495 3.0
44.223 -346.81 7.061 9.0
44.255 -346.9000000000001 6.929 6.0
44.24 -346.849 6.984 2.0
44.259 -346.711 7.213 2.0
44.207 -347.585 7.07 5.0
44.223 -347.575 7.083 1.0
44.23 -347.625 6.981 4.0
44.268 -347.618 6.996 6.0
44.24200000000001 -346.694 7.194 1.0
44.262 -346.689 7.204 6.0
44.23600000000001 -347.592 7.0 3.0
44.225 -347.546 6.994 3.0
44.27 -347.598 7.072 2.0
44.266 -347.27 7.682 2.0
44.292 -347.5130000000001 7.32 1.0
44.23 -347.349 7.527 3.0
44.222 -346.781 7.008 2.0
44.162 -349.393 8.61 1.0
44.139 -347.9000000000001 8.632 1.0
44.237 -346.798 7.05 6.0
44.238 -346.804 7.054 4.0
44.245 -346.404 7.627 1.0
44.262 -346.236 7.892 2.0
44.274 -346.171 7.954 1.0
44.25 -346.209 7.92 2.0
44.124 -346.19 8.6 1.0
44.119 -346.192 8.611 1.0
44.136 -346.189 8.619 1.0
44.103 -343.51 8.547 1.0
46.694 -343.313 2.607 44.0
46.71 -343.318 2.614 58.0
46.691 -343.305 2.593 47.0
46.705 -343.295 2.594 36.0
46.67 -343.2750000000001 2.586 31.0
46.677 -343.281 2.592 16.0
46.67 -343.267 2.591 20.0
46.682 -343.27 2.595 31.0
46.693 -343.27 2.583 22.0
46.708 -343.283 2.599 12.0
46.686 -343.2870000000001 2.623 48.0
46.691 -343.282 2.611 23.0
46.747 -343.334 2.587 43.0
46.73 -343.333 2.587 19.0
46.732 -343.257 2.587 7.0
46.786 -343.246 2.593 47.0
46.661 -343.274 2.654 18.0
46.709 -343.329 2.696 36.0
46.642 -343.267 2.705 13.0
46.723 -343.306 2.639 41.0
46.73600000000001 -343.296 2.631 6.0
46.728 -343.279 2.696 51.0
46.726 -343.281 2.651 48.0
46.72 -343.267 2.675 56.0
46.726 -343.254 2.641 40.0
46.719 -343.248 2.654 51.0
46.73 -343.249 2.696 43.0
46.73900000000001 -343.2390000000001 2.705 23.0
46.77 -343.246 2.693 56.0
46.573 -343.248 2.75 6.0
46.709 -343.316 2.741 65.0
46.705 -343.316 2.795 63.0
46.661 -343.281 2.621 39.0
46.718 -343.329 2.776 43.0
46.735 -343.326 2.817 44.0
46.619 -343.24 2.805 4.0
46.731 -343.296 2.606 21.0
46.727 -343.25 2.731 54.0
46.73300000000001 -343.237 2.743 57.0
46.743 -343.246 2.74 41.0
46.713 -343.318 2.68 42.0
46.749 -343.2390000000001 2.784 54.0
46.756 -343.237 2.782 30.0
46.707 -343.29 2.654 61.0
46.714 -343.325 2.85 51.0
46.707 -343.282 2.649 71.0
46.714 -343.32 2.879 55.0
46.69 -343.303 2.68 49.0
46.714 -343.3 2.677 21.0
46.666 -343.283 2.661 30.0
46.671 -343.265 2.66 16.0
46.708 -343.307 2.705 74.0
46.711 -343.284 2.697 63.0
46.711 -343.283 2.682 76.0
46.693 -343.268 2.688 63.0
46.687 -343.281 2.716 64.0
46.686 -343.286 2.844 58.0
46.702 -343.27 2.707 74.0
46.703 -343.297 2.849 55.0
46.711 -343.2870000000001 2.851 69.0
46.699 -343.305 2.871 56.0
46.713 -343.294 2.879 75.0
46.71 -343.322 2.901 51.0
46.708 -343.304 2.889 53.0
46.699 -343.285 2.903 67.0
46.686 -343.265 2.896 40.0
46.692 -343.26 2.881 35.0
46.713 -343.278 2.906 70.0
46.724 -343.302 2.834 58.0
46.721 -343.296 2.873 41.0
46.747 -343.294 2.858 34.0
46.79 -343.246 2.635 28.0
46.768 -343.245 2.648 49.0
46.779 -343.236 2.649 21.0
46.795 -343.2510000000001 2.669 29.0
46.719 -343.312 2.887 30.0
46.721 -343.312 2.887 16.0
46.716 -343.314 2.904 72.0
46.737 -343.309 2.896 38.0
46.743 -343.309 2.887 37.0
46.73900000000001 -343.336 2.915 31.0
46.724 -343.298 2.883 60.0
46.72 -343.291 2.886 61.0
46.721 -343.281 2.903 46.0
46.74 -343.257 2.833 58.0
46.716 -343.2510000000001 2.852 54.0
46.75 -343.254 2.872 51.0
46.756 -343.241 2.871 58.0
46.716 -343.258 2.88 65.0
46.73600000000001 -343.253 2.883 57.0
46.728 -343.248 2.886 54.0
46.75 -343.246 2.884 59.0
46.762 -343.2390000000001 2.9 57.0
46.73 -343.244 2.905 38.0
46.774 -343.241 2.882 61.0
46.788 -343.235 2.882 29.0
46.693 -343.2870000000001 2.738 64.0
46.703 -343.305 2.748 72.0
46.714 -343.29 2.744 54.0
46.709 -343.274 2.743 66.0
46.702 -343.269 2.749 75.0
46.7 -343.291 2.779 62.0
46.677 -343.271 2.773 51.0
46.705 -343.2990000000001 2.785 71.0
46.695 -343.292 2.787 61.0
46.714 -343.262 2.785 66.0
46.705 -343.264 2.787 56.0
46.697 -343.281 2.797 74.0
46.685 -343.277 2.822 41.0
46.721 -343.316 2.839 52.0
46.738 -343.33 2.844 48.0
46.727 -343.328 2.876 39.0
46.798 -343.2750000000001 2.846 41.0
46.651 -343.241 2.896 4.0
46.78 -343.243 2.879 59.0
46.79400000000001 -343.241 2.879 32.0
46.606 -340.249 2.511 34.0
46.593 -340.235 2.526 69.0
46.61400000000001 -340.217 2.51 78.0
46.61400000000001 -340.2390000000001 2.527 70.0
46.886 -343.292 2.663 23.0
46.626 -340.249 2.455 58.0
46.61700000000001 -340.236 2.453 76.0
46.651 -340.242 2.449 24.0
46.625 -340.229 2.477 23.0
46.645 -340.214 2.454 70.0
46.636 -340.223 2.494 65.0
46.65 -340.228 2.494 15.0
46.619 -340.253 2.507 56.0
46.634 -340.22 2.523 76.0
46.657 -340.188 2.522 42.0
46.67200000000001 -340.193 2.491 53.0
46.671 -340.205 2.515 75.0
46.595 -340.23 2.536 63.0
46.601 -340.23 2.537 50.0
46.60800000000001 -340.224 2.539 75.0
46.613 -340.221 2.545 72.0
46.569 -340.208 2.536 26.0
46.591 -340.217 2.545 32.0
46.603 -340.236 2.576 66.0
46.612 -340.23 2.576 77.0
46.615 -340.194 2.577 63.0
46.61 -340.23 2.601 73.0
46.612 -340.225 2.6 70.0
46.589 -340.219 2.587 52.0
46.568 -340.192 2.582 32.0
46.61100000000001 -340.192 2.603 56.0
46.584 -340.199 2.615 34.0
46.607 -340.2270000000001 2.636 74.0
46.607 -340.217 2.616 51.0
46.604 -340.211 2.625 57.0
46.589 -340.217 2.689 72.0
46.61100000000001 -340.218 2.683 51.0
46.61400000000001 -340.208 2.707 48.0
46.595 -340.189 2.71 78.0
46.598 -340.237 2.466 70.0
46.627 -340.256 2.535 62.0
46.631 -340.244 2.534 33.0
46.53 -340.199 2.508 22.0
46.61700000000001 -340.23 2.557 60.0
46.548 -340.215 2.526 30.0
46.621 -340.195 2.566 71.0
46.628 -340.193 2.588 69.0
46.634 -340.182 2.587 65.0
46.638 -340.188 2.588 65.0
46.625 -340.19 2.6 68.0
46.642 -340.188 2.591 72.0
46.625 -340.196 2.619 39.0
46.627 -340.176 2.624 67.0
46.68 -340.1740000000001 2.585 36.0
46.62 -340.199 2.682 72.0
46.627 -340.187 2.709 28.0
46.604 -340.221 2.76 73.0
46.602 -340.189 2.805 74.0
46.61400000000001 -340.208 2.809 72.0
46.60800000000001 -340.193 2.816 52.0
46.599 -340.1740000000001 2.812 69.0
46.603 -340.173 2.812 68.0
46.605 -340.212 2.836 52.0
46.602 -340.204 2.835 68.0
46.585 -340.177 2.896 54.0
46.61 -340.211 2.853 44.0
46.61 -340.198 2.905 56.0
46.6 -340.173 2.855 74.0
46.586 -340.176 2.906 37.0
46.626 -340.175 2.742 72.0
46.593 -340.194 2.911 69.0
46.606 -340.188 2.906 52.0
46.635 -340.17 2.85 65.0
46.628 -340.204 2.858 42.0
46.623 -340.218 2.871 51.0
46.552 -340.202 2.541 20.0
46.63 -340.221 2.89 32.0
46.621 -340.22 2.901 45.0
46.625 -340.221 2.907 17.0
46.631 -340.195 2.887 16.0
46.61700000000001 -340.207 2.903 50.0
46.554 -340.182 2.594 2.0
46.551 -340.187 2.625 7.0
46.607 -340.204 2.655 76.0
46.599 -340.192 2.638 66.0
46.57 -340.207 2.676 55.0
46.598 -340.189 2.938 63.0
46.595 -340.183 2.945 49.0
46.597 -340.179 2.964 29.0
46.596 -340.18 2.972 38.0
46.60800000000001 -340.196 2.991 26.0
46.601 -340.18 3.033 64.0
46.594 -340.1860000000001 3.01 65.0
46.607 -340.189 3.016 59.0
46.592 -340.181 3.043 71.0
46.6 -340.177 3.053 52.0
46.609 -340.172 3.12 1.0
46.622 -340.185 2.972 24.0
46.632 -340.259 2.585 46.0
46.625 -340.25 2.595 65.0
46.629 -340.184 2.634 71.0
46.62 -340.17 2.655 55.0
46.649 -340.17 2.68 52.0
46.606 -340.218 2.743 41.0
46.603 -340.203 2.743 76.0
46.598 -340.194 2.736 46.0
46.598 -340.205 2.776 75.0
46.603 -340.181 2.756 75.0
46.599 -340.176 2.762 35.0
46.60800000000001 -340.17 2.776 67.0
46.593 -340.298 2.967 1.0
46.638 -340.23 2.932 20.0
46.643 -340.223 2.986 11.0
46.658 -340.164 2.6 61.0
46.653 -340.161 2.702 68.0
46.661 -340.166 2.704 44.0
46.556000000000004 -340.169 2.842 16.0
46.593 -340.169 2.837 73.0
46.60800000000001 -340.159 2.859 74.0
46.61400000000001 -340.156 2.899 61.0
46.66900000000001 -340.163 2.742 63.0
46.597 -340.1620000000001 2.907 75.0
46.61 -340.149 2.917 48.0
46.605 -340.167 2.927 15.0
46.609 -340.14 2.922 11.0
46.663 -340.127 2.867 56.0
46.649 -340.128 2.879 53.0
46.623 -340.149 2.888 67.0
46.667 -340.132 2.858 47.0
46.652 -340.144 2.897 52.0
46.66900000000001 -340.124 2.876 48.0
46.646 -340.1140000000001 2.915 34.0
46.657 -340.12 2.896 31.0
46.641 -340.119 2.925 32.0
46.618 -340.149 2.907 62.0
46.634 -340.16 2.926 30.0
46.624 -340.131 2.926 35.0
46.651 -340.122 2.905 25.0
46.607 -340.165 2.958 34.0
46.599 -340.145 2.973 63.0
46.596 -340.164 2.989 15.0
46.596 -340.155 2.994 39.0
46.6 -340.153 3.008 77.0
46.592 -340.155 3.019 72.0
46.592 -340.146 3.036 71.0
46.598 -340.155 3.061 49.0
46.59 -340.14 3.055 76.0
46.605 -340.116 3.057 69.0
46.593 -340.168 3.103 55.0
46.596 -340.148 3.093 45.0
46.624 -340.145 2.949 44.0
46.626 -340.137 2.94 34.0
46.624 -340.152 2.963 32.0
46.626 -340.132 2.958 39.0
46.63 -340.128 2.972 57.0
46.633 -340.113 2.964 27.0
46.624 -340.122 2.989 67.0
46.616 -340.167 3.029 12.0
46.624 -340.133 3.008 70.0
46.616 -340.12 3.008 51.0
46.481 -340.13 2.813 15.0
46.622 -340.157 2.804 61.0
46.635 -340.142 2.811 61.0
46.631 -340.151 2.755 51.0
46.644 -340.158 2.751 70.0
46.656 -340.149 2.747 63.0
46.652 -340.026 2.886 3.0
46.667 -340.12 2.885 17.0
46.616 -340.127 3.051 54.0
46.529 -336.593 2.319 66.0
46.535 -336.622 2.34 64.0
46.531 -336.617 2.348 23.0
46.535 -336.607 2.352 76.0
46.535 -336.583 2.342 74.0
46.53 -336.546 2.32 67.0
46.541 -336.601 2.39 46.0
46.551 -336.416 2.323 67.0
46.534 -336.5010000000001 2.322 67.0
46.561 -336.327 2.325 67.0
46.54400000000001 -336.459 2.322 67.0
46.567 -336.237 2.328 67.0
46.546 -336.509 2.344 75.0
46.552 -336.5 2.353 75.0
46.554 -336.43 2.356 74.0
46.559 -336.398 2.348 75.0
46.563 -336.393 2.356 75.0
46.537 -336.48 2.401 44.0
46.54400000000001 -336.474 2.393 41.0
46.551 -336.474 2.394 53.0
46.546 -336.482 2.404 49.0
46.551 -336.445 2.404 52.0
46.564 -336.383 2.363 41.0
46.561 -336.436 2.395 54.0
46.541 -336.465 2.421 36.0
46.554 -336.452 2.416 24.0
46.562 -336.361 2.349 74.0
46.564 -336.358 2.357 75.0
46.558 -336.371 2.405 52.0
46.55300000000001 -336.37 2.403 47.0
46.559 -336.353 2.396 43.0
46.56 -336.335 2.406 44.0
46.555 -336.363 2.423 37.0
46.571 -336.353 2.397 52.0
46.551 -336.369 2.325 67.0
46.578 -336.268 2.348 27.0
46.574 -336.249 2.353 72.0
46.578 -336.2510000000001 2.358 75.0
46.561 -336.28 2.327 67.0
46.541 -336.571 2.352 75.0
46.542 -336.547 2.343 75.0
46.546 -336.536 2.353 76.0
46.54 -336.518 2.403 39.0
46.548 -336.517 2.393 57.0
46.55000000000001 -336.4890000000001 2.42 20.0
46.549 -336.472 2.346 73.0
46.55300000000001 -336.465 2.355 76.0
46.557 -336.448 2.348 29.0
46.549 -336.433 2.348 75.0
46.56 -336.453 2.362 41.0
46.54400000000001 -336.4240000000001 2.402 46.0
46.552 -336.413 2.394 43.0
46.55300000000001 -336.408 2.405 52.0
46.564 -336.393 2.396 50.0
46.54700000000001 -336.413 2.422 37.0
46.569 -336.324 2.35 74.0
46.568 -336.286 2.352 73.0
46.573 -336.322 2.357 74.0
46.578 -336.286 2.357 75.0
46.567 -336.284 2.379 10.0
44.099 -343.309 8.577 1.0
44.071 -343.341 8.614 1.0
44.045 -341.555 8.484 1.0
44.055 -343.3110000000001 8.588000000000001 1.0
