39.417 -328.927 3.96 255.0
39.403 -328.902 3.98 255.0
39.421 -328.905 4.002 255.0
39.421 -328.932 4.077 255.0
39.431 -328.927 4.035 255.0
39.439 -328.943 4.108 255.0
39.421 -328.911 4.048 255.0
39.437 -328.949 4.122 255.0
39.415 -328.913 4.058 255.0
39.424 -328.913 4.111 255.0
39.407 -328.897 4.061 255.0
39.474 -328.944 3.961 21.0
39.496 -328.939 3.961 11.0
39.531 -328.955 3.962 26.0
39.528 -328.94 3.952 255.0
39.53 -328.946 3.961 9.0
39.502 -328.966 4.017 255.0
39.471 -328.953 3.981 255.0
39.453 -328.925 3.977 255.0
39.457 -328.949 4.002 37.0
39.466 -328.948 4.009 255.0
39.447 -328.947 4.015 255.0
39.458 -328.956 4.015 255.0
39.461 -328.954 4.019 255.0
39.461 -328.957 4.022 255.0
39.487 -328.952 4.013 255.0
39.48600000000001 -328.949 4.025 62.0
39.476 -328.945 4.014 255.0
39.572 -328.938 3.937 29.0
39.568 -328.948 3.948 15.0
39.576 -328.939 3.939 23.0
39.603 -328.947 3.948 28.0
39.579 -328.926 3.95 16.0
39.555 -328.952 3.959 16.0
39.596 -328.944 3.957 22.0
39.593 -328.943 3.955 20.0
39.564 -328.948 3.959 33.0
39.61100000000001 -328.949 3.964 9.0
39.561 -328.949 3.961 17.0
39.598 -328.931 3.958 18.0
39.638 -328.966 4.0 255.0
39.572 -328.938 3.963 32.0
39.639 -328.959 3.998 255.0
39.58 -328.941 3.961 42.0
39.588 -328.943 3.961 19.0
39.60800000000001 -328.964 4.006 255.0
39.562 -328.933 3.97 34.0
39.613 -328.962 4.002 255.0
39.572 -328.9240000000001 3.963 26.0
39.623 -328.959 4.001 255.0
39.563 -328.94 3.995 23.0
39.472 -328.879 3.962 255.0
39.58 -328.933 3.966 255.0
39.64 -328.963 4.003 255.0
39.627 -328.96 4.02 255.0
39.571 -328.948 3.988 31.0
39.579 -328.941 3.976 25.0
39.581 -328.937 3.988 30.0
39.585 -328.922 3.988 19.0
39.573 -328.928 3.995 30.0
39.551 -328.956 4.011 255.0
39.548 -328.952 4.011 255.0
39.54400000000001 -328.954 4.021 52.0
39.568 -328.951 4.003 255.0
39.59 -328.955 4.001 255.0
39.565 -328.927 4.023 255.0
39.449 -328.951 4.032 185.0
39.453 -328.949 4.038 255.0
39.443 -328.953 4.048 32.0
39.466 -328.947 4.046 28.0
39.498 -328.958 4.031 255.0
39.474 -328.954 4.031 255.0
39.498 -328.942 4.033 15.0
39.487 -328.953 4.035 255.0
39.502 -328.954 4.043 61.0
39.469 -328.94 4.032 16.0
39.514 -328.953 4.039 11.0
39.472 -328.944 4.05 39.0
39.513 -328.949 4.048 37.0
39.454 -328.951 4.063 23.0
39.465 -328.964 4.103 25.0
39.5 -328.936 4.039 255.0
39.475 -328.949 4.07 11.0
39.555 -328.96 4.027 255.0
39.493 -328.943 4.045 28.0
39.481 -328.948 4.071 255.0
39.506 -328.95 4.076 255.0
39.59 -328.962 4.031 255.0
39.522 -328.955 4.031 255.0
39.468 -328.946 4.074 146.0
39.498 -328.947 4.099 255.0
39.479 -328.943 4.069 20.0
39.537 -328.955 4.031 255.0
39.517 -328.948 4.087 66.0
39.531 -328.945 4.033 18.0
39.522 -328.935 4.078 29.0
39.527 -328.949 4.045 28.0
39.535 -328.941 4.084 44.0
39.494 -328.945 4.06 41.0
39.38 -328.906 3.944 255.0
39.523 -328.953 4.097 255.0
39.504 -328.947 4.073 62.0
39.514 -328.952 4.072 11.0
39.565 -328.957 4.031 255.0
39.511 -328.95 4.105 255.0
39.5 -328.944 4.067 15.0
39.465 -328.952 4.086 255.0
39.561 -328.947 4.034 23.0
39.508 -328.949 4.112 255.0
39.458 -328.934 4.08 30.0
39.504 -328.941 4.07 19.0
39.64 -328.96 4.081 255.0
39.62 -328.952 4.034 37.0
39.562 -328.955 4.039 42.0
39.495 -328.952 4.114 255.0
39.477 -328.956 4.079 62.0
39.539 -328.953 4.058 41.0
39.63 -328.964 4.088 255.0
39.61 -328.935 4.084 255.0
39.634 -328.954 4.042 33.0
39.559 -328.952 4.044 30.0
39.482 -328.958 4.077 255.0
39.501 -328.951 4.116 10.0
39.539 -328.957 4.074 61.0
39.605 -328.958 4.09 255.0
39.603 -328.964 4.12 255.0
39.49 -328.934 4.079 29.0
39.564 -328.952 4.042 25.0
39.498 -328.954 4.125 255.0
39.538 -328.947 4.07 20.0
39.49 -328.94 4.087 45.0
39.603 -328.962 4.122 255.0
39.551 -328.946 4.046 37.0
39.51 -328.958 4.114 255.0
39.626 -328.942 4.078 33.0
39.465 -328.955 4.101 255.0
39.603 -328.964 4.123 255.0
39.502 -328.945 4.12 45.0
39.584 -328.943 4.034 43.0
39.615 -328.954 4.103 255.0
39.445 -328.943 4.103 255.0
39.623 -328.966 4.102 255.0
39.527 -328.956 4.11 255.0
39.576 -328.941 4.042 64.0
39.462 -328.946 4.107 255.0
39.607 -328.955 4.107 255.0
39.605 -328.957 4.057 255.0
39.534 -328.953 4.105 255.0
39.58 -328.939 4.043 25.0
39.458 -328.953 4.116 25.0
39.635 -328.963 4.111 255.0
39.598 -328.935 4.111 255.0
39.603 -328.955 4.064 255.0
39.461 -328.943 4.114 255.0
39.523 -328.954 4.115 255.0
39.615 -328.958 4.116 255.0
39.457 -328.935 4.124 255.0
39.597 -328.942 4.069 27.0
39.525 -328.95 4.113 32.0
39.627 -328.967 4.121 255.0
39.632 -328.956 4.106 255.0
39.485 -328.949 4.106 255.0
39.621 -328.947 4.053 27.0
39.639 -328.963 4.116 255.0
39.585 -328.932 4.043 23.0
39.638 -328.957 4.102 255.0
39.472 -328.957 4.118 255.0
39.587 -328.93 4.043 30.0
39.622 -328.94 4.108 20.0
39.47 -328.949 4.114 255.0
39.48 -328.95 4.113 255.0
39.627 -328.948 4.12 255.0
39.543 -328.953 4.064 255.0
39.49 -328.95 4.114 32.0
39.62 -328.943 4.12 255.0
39.542 -328.958 4.07 255.0
39.45 -328.928 4.116 23.0
39.549 -328.954 4.074 15.0
39.582 -328.954 4.056 27.0
39.571 -328.955 4.068 32.0
39.566 -328.948 4.071 25.0
39.574 -328.95 4.075 37.0
39.583 -328.937 4.07 36.0
39.585 -328.938 4.075 30.0
39.576 -328.932 4.072 26.0
39.51 -328.951 3.986 6.0
39.492 -328.94 3.991 23.0
39.492 -328.946 4.0 30.0
39.505 -328.946 3.999 172.0
39.527 -328.958 3.976 255.0
39.531 -328.953 3.999 255.0
39.531 -328.95 3.998 30.0
39.499 -328.948 4.013 255.0
39.515 -328.951 4.006 255.0
39.511 -328.955 4.011 255.0
39.493 -328.946 4.007 255.0
39.495 -328.949 4.017 255.0
39.525 -328.949 4.012 255.0
39.537 -328.955 4.004 255.0
39.536 -328.958 4.008 255.0
39.52 -328.958 4.014 255.0
39.55000000000001 -328.962 3.999 173.0
39.567 -328.961 3.978 26.0
39.472 -328.96 4.132 255.0
39.549 -328.959 4.013 255.0
39.473 -328.961 4.132 255.0
39.56 -328.962 4.006 255.0
39.561 -328.962 4.009 255.0
39.577 -328.965 4.008 255.0
39.59 -328.961 4.024 255.0
39.496 -328.963 4.13 255.0
39.505 -328.962 4.129 255.0
39.522 -328.963 4.128 255.0
39.443 -328.956 4.136 255.0
39.463 -328.955 4.137 255.0
39.537 -328.964 4.126 255.0
39.449 -328.943 4.128 7.0
39.457 -328.945 4.134 63.0
39.475 -328.943 4.128 16.0
39.512 -328.964 4.194 67.0
39.458 -328.943 4.178 18.0
39.474 -328.956 4.141 255.0
39.454 -328.948 4.197 255.0
39.482 -328.938 4.148 255.0
39.449 -328.945 4.199 255.0
39.485 -328.939 4.15 255.0
39.454 -328.945 4.2 255.0
39.61400000000001 -328.957 4.0 255.0
39.443 -328.93 4.138 255.0
39.478 -328.95 4.184 25.0
39.595 -328.929 3.993 20.0
39.455 -328.946 4.17 255.0
39.488 -328.947 4.179 20.0
39.606 -328.949 4.009 255.0
39.615 -328.966 4.03 255.0
39.468 -328.945 4.187 33.0
39.477 -328.95 4.156 11.0
39.477 -328.947 4.2 255.0
39.629 -328.953 4.008 255.0
39.488 -328.947 4.152 255.0
39.529 -328.961 4.079 255.0
39.48600000000001 -328.948 4.198 255.0
39.593 -328.931 4.016 21.0
39.626 -328.968 4.03 1.0
39.48300000000001 -328.952 4.167 255.0
39.447 -328.949 4.219 255.0
39.465 -328.933 4.151 255.0
39.449 -328.945 4.22 255.0
39.596 -328.961 4.072 255.0
39.444 -328.94 4.223 255.0
39.552 -328.96 4.126 255.0
39.471 -328.949 4.218 255.0
39.637 -328.96 4.063 56.0
39.555 -328.964 4.127 255.0
39.474 -328.952 4.219 255.0
39.546 -328.957 4.133 255.0
39.444 -328.9240000000001 4.222 8.0
39.564 -328.947 4.132 22.0
39.54700000000001 -328.948 4.146 11.0
39.619 -328.957 4.126 255.0
39.582 -328.967 4.157 255.0
39.584 -328.94 4.132 37.0
39.573 -328.958 4.138 36.0
39.602 -328.956 4.157 255.0
39.577 -328.94 4.14 255.0
39.581 -328.939 4.138 255.0
39.548 -328.953 4.161 14.0
39.54400000000001 -328.952 4.162 255.0
39.568 -328.955 4.156 255.0
39.573 -328.954 4.16 255.0
39.576 -328.951 4.162 31.0
39.587 -328.939 4.162 26.0
39.6 -328.948 4.184 255.0
39.604 -328.954 4.198 255.0
39.61400000000001 -328.958 4.205 255.0
39.594 -328.956 4.214 255.0
39.617 -328.958 4.201 255.0
39.619 -328.957 4.213 255.0
39.548 -328.954 4.077 255.0
39.621 -328.962 4.196 255.0
39.556 -328.938 4.077 30.0
39.627 -328.96 4.201 255.0
39.576 -328.958 4.092 255.0
39.622 -328.96 4.224 255.0
39.537 -328.959 4.229 255.0
39.585 -328.94 4.1 25.0
39.502 -328.949 4.23 255.0
39.581 -328.933 4.081 24.0
39.459 -328.949 4.236 255.0
39.487 -328.941 4.283 2.0
39.513 -328.953 4.232 255.0
39.552 -328.957 4.109 255.0
39.513 -328.95 4.236 46.0
39.484 -328.954 4.233 255.0
39.507 -328.943 4.226 15.0
39.55000000000001 -328.956 4.11 255.0
39.47 -328.937 4.234 29.0
39.504 -328.94 4.233 28.0
39.557 -328.956 4.104 255.0
39.481 -328.944 4.225 16.0
39.51 -328.95 4.244 10.0
39.54700000000001 -328.959 4.094 255.0
39.479 -328.942 4.229 26.0
39.559 -328.951 4.111 33.0
39.536 -328.955 4.232 255.0
39.471 -328.946 4.241 11.0
39.586 -328.959 4.078 255.0
39.536 -328.941 4.232 27.0
39.54700000000001 -328.958 4.115 255.0
39.485 -328.937 4.24 255.0
39.552 -328.949 4.117 45.0
39.492 -328.953 4.255 255.0
39.503 -328.939 4.258 255.0
39.589 -328.953 4.103 255.0
39.53 -328.954 4.252 33.0
39.578 -328.966 4.101 33.0
39.488 -328.95 4.253 35.0
39.536 -328.954 4.25 255.0
39.582 -328.953 4.108 255.0
39.586 -328.961 4.106 255.0
39.538 -328.953 4.262 255.0
39.472 -328.937 4.271 255.0
39.59 -328.944 4.11 23.0
39.573 -328.966 4.124 255.0
39.567 -328.954 4.118 255.0
39.571 -328.962 4.123 255.0
39.567 -328.954 4.121 18.0
39.583 -328.957 4.115 255.0
39.593 -328.961 4.225 255.0
39.582 -328.944 4.122 52.0
39.61100000000001 -328.959 4.248 29.0
39.618 -328.967 4.242 255.0
39.431 -328.937 4.133 255.0
39.62 -328.968 4.241 255.0
39.437 -328.939 4.139 255.0
39.636 -328.959 4.239 255.0
39.424 -328.9240000000001 4.142 3.0
39.598 -328.949 4.231 16.0
39.604 -328.947 4.231 20.0
39.612 -328.944 4.229 24.0
39.636 -328.957 4.225 20.0
39.638 -328.95 4.231 26.0
39.628 -328.95 4.232 16.0
39.631 -328.954 4.243 45.0
39.599 -328.959 4.276 18.0
39.591 -328.954 4.257 255.0
39.594 -328.961 4.288 255.0
39.619 -328.956 4.253 11.0
39.635 -328.954 4.254 255.0
39.591 -328.955 4.292 255.0
39.617 -328.956 4.292 255.0
39.539 -328.887 4.304 255.0
39.51 -328.956 4.132 255.0
39.502 -328.942 4.129 16.0
39.537 -328.948 4.131 16.0
39.532 -328.943 4.13 255.0
39.531 -328.938 4.129 255.0
39.512 -328.953 4.165 255.0
39.522 -328.952 4.154 255.0
39.516 -328.953 4.159 11.0
39.507 -328.95 4.184 26.0
39.506 -328.949 4.186 33.0
39.51 -328.942 4.179 19.0
39.496 -328.958 4.194 255.0
39.61 -328.959 4.158 255.0
39.545 -328.962 4.189 255.0
39.556 -328.962 4.199 255.0
39.632 -328.959 4.155 255.0
39.495 -328.951 4.194 11.0
39.577 -328.96 4.208 255.0
39.5 -328.95 4.199 255.0
39.645 -328.963 3.958 1.0
39.507 -328.954 4.198 255.0
39.663 -328.958 3.959 2.0
39.534 -328.947 4.183 26.0
39.673 -328.951 3.961 20.0
39.526 -328.951 4.199 255.0
39.535 -328.956 4.199 255.0
39.662 -328.97 3.998 255.0
39.492 -328.953 4.217 255.0
39.664 -328.961 3.997 255.0
39.509 -328.953 4.215 255.0
39.671 -328.962 4.0 255.0
39.531 -328.957 4.21 255.0
39.681 -328.963 3.999 255.0
39.52 -328.951 4.217 255.0
39.657 -328.959 4.012 51.0
39.677 -328.961 4.003 255.0
39.691 -328.967 3.996 255.0
39.54700000000001 -328.951 4.181 20.0
39.692 -328.96 3.995 255.0
39.701 -328.965 3.997 255.0
39.711 -328.968 3.994 255.0
39.692 -328.958 3.992 12.0
39.724 -328.966 3.988 23.0
39.642 -328.951 3.992 33.0
39.702 -328.962 4.004 255.0
39.683 -328.958 3.99 34.0
39.697 -328.963 4.013 255.0
39.712 -328.967 4.003 255.0
39.652 -328.957 4.006 255.0
39.716 -328.958 4.021 227.0
39.715 -328.963 4.008 50.0
39.663 -328.958 4.017 255.0
39.679 -328.958 4.005 255.0
39.54700000000001 -328.957 4.185 34.0
39.552 -328.952 4.198 255.0
39.568 -328.953 4.183 29.0
39.569 -328.946 4.181 25.0
39.577 -328.943 4.182 22.0
39.571 -328.958 4.197 255.0
39.586 -328.957 4.188 31.0
39.54400000000001 -328.955 4.212 255.0
39.542 -328.956 4.215 255.0
39.567 -328.957 4.201 14.0
39.584 -328.963 4.225 25.0
39.714 -328.966 4.049 38.0
39.717 -328.966 4.03 255.0
39.567 -328.963 4.245 255.0
39.586 -328.948 4.203 44.0
39.712 -328.953 4.037 15.0
39.702 -328.96 4.058 58.0
39.543 -328.949 4.228 15.0
39.714 -328.958 4.04 26.0
39.721 -328.965 4.051 255.0
39.569 -328.954 4.215 255.0
39.545 -328.951 4.247 11.0
39.716 -328.958 4.038 35.0
39.727 -328.966 4.06 42.0
39.569 -328.955 4.228 255.0
39.695 -328.954 4.073 50.0
39.723 -328.961 4.072 56.0
39.569 -328.948 4.23 17.0
39.715 -328.958 4.073 35.0
39.721 -328.954 4.073 41.0
39.566 -328.958 4.233 45.0
39.586 -328.957 4.236 255.0
39.715 -328.967 4.081 255.0
39.57 -328.944 4.232 27.0
39.7 -328.965 4.094 255.0
39.691 -328.958 4.081 10.0
39.586 -328.941 4.231 255.0
39.727 -328.959 4.083 11.0
39.694 -328.958 4.1 255.0
39.728 -328.968 4.084 188.0
39.568 -328.951 4.249 33.0
39.701 -328.958 4.106 49.0
39.717 -328.962 4.099 255.0
39.553 -328.949 4.262 255.0
39.696 -328.951 4.108 53.0
39.695 -328.972 4.112 255.0
39.58 -328.953 4.25 11.0
39.758 -328.991 4.097 22.0
39.708 -328.952 4.111 255.0
39.579 -328.94 4.25 255.0
39.7 -328.97 4.11 255.0
39.742 -328.973 4.107 255.0
39.704 -328.968 4.103 255.0
39.709 -328.96 4.102 255.0
39.691 -328.966 4.118 255.0
39.699 -328.967 4.116 255.0
39.708 -328.969 4.116 255.0
39.73600000000001 -328.983 4.101 23.0
39.734 -328.962 4.101 255.0
39.74 -328.965 4.105 32.0
39.542 -328.951 4.292 255.0
39.734 -328.969 4.107 255.0
39.588 -328.92 4.284 255.0
39.724 -328.972 4.116 255.0
39.735 -328.97 4.114 255.0
39.451 -328.872 4.288 255.0
39.704 -328.975 4.145 255.0
39.692 -328.957 4.137 17.0
39.693 -328.96 4.15 255.0
39.718 -328.955 4.137 17.0
39.718 -328.978 4.128 58.0
39.722 -328.963 4.147 255.0
39.695 -328.969 4.173 255.0
39.693 -328.959 4.17 12.0
39.71 -328.964 4.164 255.0
39.73600000000001 -328.963 4.173 11.0
39.694 -328.96 4.181 25.0
39.697 -328.962 4.178 34.0
39.703 -328.963 4.192 255.0
39.659 -328.954 4.181 25.0
39.706 -328.962 4.196 255.0
39.656 -328.95 4.183 16.0
39.723 -328.959 4.18 25.0
39.656 -328.957 4.197 255.0
39.73600000000001 -328.965 4.177 24.0
39.69 -328.956 4.185 19.0
39.718 -328.967 4.195 255.0
39.71 -328.959 3.962 20.0
39.683 -328.958 4.196 255.0
39.718 -328.956 4.185 19.0
39.732 -328.964 4.195 255.0
39.67200000000001 -328.958 4.211 255.0
39.694 -328.963 4.21 255.0
39.715 -328.967 4.203 255.0
39.705 -328.966 4.217 255.0
39.721 -328.963 4.209 255.0
39.72 -328.964 4.222 44.0
39.734 -328.966 4.216 255.0
39.664 -328.969 4.237 255.0
39.645 -328.967 4.241 255.0
39.651 -328.959 4.246 32.0
39.67 -328.967 4.226 43.0
39.696 -328.971 4.237 255.0
39.686 -328.962 4.243 255.0
39.71 -328.966 4.232 255.0
39.644 -328.959 4.251 255.0
39.692 -328.963 4.245 33.0
39.687 -328.975 4.251 56.0
39.696 -328.964 4.246 255.0
39.723 -328.972 4.236 255.0
39.727 -328.959 4.238 15.0
39.732 -328.964 4.243 25.0
39.732 -328.965 4.246 255.0
39.694 -328.959 4.259 11.0
39.657 -328.962 4.031 255.0
39.73600000000001 -328.963 4.263 9.0
39.664 -328.955 4.235 15.0
39.694 -328.956 4.236 15.0
39.654 -328.948 4.242 255.0
39.682 -328.964 4.03 56.0
39.704 -328.953 4.229 27.0
39.67 -328.95 4.23 26.0
39.73600000000001 -328.952 4.228 18.0
39.685 -328.959 4.041 26.0
39.685 -328.954 4.239 44.0
39.738 -328.954 4.235 29.0
39.655 -328.957 4.256 10.0
39.661 -328.964 4.058 255.0
39.718 -328.955 4.245 255.0
39.661 -328.966 4.065 255.0
39.664 -328.962 4.065 58.0
39.667 -328.962 4.051 255.0
39.725 -328.966 4.276 255.0
39.65 -328.954 4.042 26.0
39.682 -328.952 4.037 16.0
39.676 -328.958 4.04 36.0
39.655 -328.961 4.077 65.0
39.661 -328.96 4.085 255.0
39.707 -328.886 4.264 42.0
39.653 -328.952 4.072 17.0
39.662 -328.964 4.098 255.0
39.658 -328.948 4.074 46.0
39.747 -328.96 4.039 7.0
39.688 -328.963 4.083 255.0
39.667 -328.955 4.051 39.0
39.756 -328.967 4.046 12.0
39.69 -328.963 4.082 255.0
39.746 -328.96 4.074 17.0
39.681 -328.952 4.072 37.0
39.649 -328.966 4.117 255.0
39.656 -328.964 4.119 255.0
39.668 -328.961 4.108 48.0
39.681 -328.96 4.103 255.0
39.668 -328.968 4.114 255.0
39.67500000000001 -328.962 4.116 255.0
39.674 -328.95 4.076 41.0
39.681 -328.968 4.118 255.0
39.648 -328.951 4.111 43.0
39.656 -328.958 4.104 255.0
39.668 -328.956 4.101 255.0
39.646 -328.97 4.133 65.0
39.668 -328.96 4.162 255.0
39.646 -328.964 4.179 255.0
39.66 -328.962 4.18 33.0
39.684 -328.962 4.198 255.0
39.668 -328.952 4.131 255.0
39.646 -328.967 4.201 255.0
39.641 -328.962 4.212 255.0
39.655 -328.963 4.202 255.0
39.663 -328.958 4.152 255.0
39.651 -328.96 4.222 255.0
39.683 -328.966 4.202 255.0
39.67800000000001 -328.963 4.22 255.0
39.746 -328.976 4.144 137.0
39.746 -328.966 4.168 255.0
39.746 -328.988 4.176 44.0
39.752 -328.961 4.187 16.0
39.744 -328.97 4.204 255.0
39.741 -328.97 4.208 255.0
39.659 -328.965 4.282 255.0
39.761 -328.992 4.232 100.0
39.769 -328.99 4.245 8.0
39.744 -328.982 4.227 20.0
39.75 -328.973 4.234 255.0
39.651 -328.891 4.285 227.0
