10.003 -426.374 11.125 2.0
10.055 -426.405 11.114 5.0
10.327 -426.407 11.072 4.0
10.425 -426.399 11.079 2.0
10.397 -426.389 11.082 7.0
10.200000000000003 -426.397 11.104 2.0
10.229 -426.397 11.103 14.0
12.104 -426.455 10.867 2.0
12.172 -426.456 10.859 1.0
12.569 -426.527 10.897 1.0
12.587 -426.518 10.875 1.0
12.912 -426.452 10.898 8.0
12.213 -426.48 10.956 2.0
12.221 -426.488 10.984 2.0
12.271 -426.449 10.96 2.0
12.576 -426.521 10.939 2.0
12.813 -426.491 10.975 1.0
12.863 -426.493 10.905 2.0
12.881 -426.485 10.925 2.0
12.89 -426.48 10.912 6.0
12.855 -426.466 11.02 2.0
12.774 -426.371 11.042 1.0
12.831 -426.431 11.067 2.0
12.927 -426.401 11.022 0.0
12.904 -426.42 11.092 2.0
12.977 -426.425 11.096 1.0
12.991 -426.42 11.052 1.0
13.19 -426.443 10.941 1.0
13.157 -426.4360000000001 10.972 2.0
13.272 -426.408 11.069 2.0
13.022 -426.402 11.15 1.0
13.217 -426.458 11.475 2.0
13.244 -426.411 11.476 1.0
13.084 -426.406 11.501 2.0
14.881 -426.451 10.839 0.0
13.381 -426.445 10.96 0.0
13.358 -426.442 10.982000000000003 0.0
13.339 -426.483 11.457 1.0
13.398 -426.38 11.513 1.0
14.884 -426.419 10.975 1.0
15.137 -426.455 10.497 4.0
15.164 -426.444 10.536 1.0
15.113 -426.422 10.747 0.0
15.069 -426.44 10.805 1.0
15.1 -426.438 10.891 3.0
15.221 -426.437 10.73 1.0
15.212 -426.441 10.784 1.0
15.272 -426.409 10.708 0.0
15.266 -426.358 10.731 1.0
15.437000000000001 -426.422 10.69 1.0
15.4 -426.4770000000001 10.782 1.0
15.384 -426.441 10.755 1.0
15.487 -426.415 10.708 1.0
15.508 -426.4360000000001 10.771 1.0
15.492 -426.439 10.782 2.0
15.379 -426.423 10.849 0.0
15.515 -426.414 10.829 1.0
15.530000000000001 -426.369 10.708 2.0
15.553 -426.387 10.775 5.0
15.548 -426.358 10.794 2.0
15.54 -426.385 10.874 0.0
15.573 -426.351 10.824 1.0
16.52 -426.423 10.46 255.0
16.491 -426.38 10.466000000000003 18.0
15.77 -426.3880000000001 10.792 1.0
15.912 -426.394 10.792 1.0
16.091 -426.409 10.776 1.0
16.336000000000002 -426.392 10.752 1.0
15.183 -426.3880000000001 10.921 1.0
15.284 -426.415 10.926 1.0
15.353 -426.35900000000004 10.92 0.0
15.967 -426.371 11.236 2.0
15.977 -426.312 11.277000000000003 4.0
16.11 -426.356 11.208 3.0
16.117 -426.353 11.211 6.0
16.207 -426.379 11.235 2.0
16.201 -426.382 11.288 2.0
22.207 -426.306 10.089 2.0
22.488 -426.3 10.063 3.0
16.62 -426.404 10.449 13.0
16.568 -426.411 10.532 255.0
16.572 -426.409 10.584 255.0
16.7 -426.402 10.52 255.0
16.609 -426.37 10.648 4.0
16.542 -426.392 10.682 2.0
16.586000000000002 -426.403 10.659 70.0
16.636 -426.401 10.66 255.0
16.659 -426.377 10.665 2.0
16.539 -426.297 10.649 1.0
16.563 -426.313 10.647 2.0
16.567 -426.319 10.681 2.0
16.617 -426.273 10.699 0.0
16.684 -426.314 10.617 5.0
16.712 -426.297 10.655 1.0
16.723 -426.41 10.517 87.0
16.732 -426.37 10.648 77.0
16.76 -426.369 10.654 5.0
16.875 -426.369 10.663 6.0
16.754 -426.362 10.625 13.0
16.789 -426.344 10.609 4.0
16.793 -426.36 10.647 2.0
16.801000000000002 -426.31 10.649 2.0
16.817 -426.31 10.695 9.0
16.87 -426.354 10.665 3.0
16.895 -426.346 10.694 7.0
16.597 -426.368 10.71 4.0
16.928 -426.377 10.668000000000003 1.0
17.258 -426.393 10.686 2.0
17.403 -426.348 10.601 2.0
17.338 -426.338 10.62 2.0
17.408 -426.361 10.658 1.0
17.706 -426.366 10.568 0.0
17.545 -426.368 10.646 1.0
17.908 -426.365 10.576 1.0
18.027 -426.357 10.593 1.0
17.98 -426.366 10.639 3.0
17.538 -426.32 11.042 1.0
17.523 -426.315 11.074 1.0
17.652 -426.345 11.065 2.0
17.816 -426.3520000000001 11.032 1.0
17.843 -426.336 11.021 3.0
17.915 -426.327 11.077 1.0
17.973 -426.327 11.08 2.0
17.732 -426.321 11.103 3.0
17.792 -426.334 11.127 1.0
18.305 -426.34700000000004 10.482000000000003 0.0
18.416 -426.357 10.474 2.0
18.526 -426.357 10.484 2.0
18.67 -426.36 10.432 1.0
18.711000000000006 -426.354 10.487 1.0
18.813 -426.339 10.471 1.0
18.871 -426.331 10.465 2.0
18.347 -426.38 10.58 2.0
18.474 -426.374 10.559000000000003 2.0
18.357 -426.339 10.576 0.0
18.469 -426.318 10.563 1.0
18.162 -426.28 10.83 3.0
18.197 -426.341 10.867 2.0
18.194 -426.286 10.895 5.0
18.276 -426.345 10.84 5.0
18.492 -426.331 10.781 12.0
18.391 -426.346 10.865 11.0
18.458 -426.321 10.87 1.0
18.616 -426.345 10.533 2.0
18.8 -426.333 10.517 2.0
18.715 -426.43 10.646 21.0
18.602 -426.3880000000001 10.71 10.0
18.591 -426.37 10.745 11.0
18.577 -426.37 10.783 13.0
18.641 -426.379 10.746 18.0
18.709 -426.366 10.777000000000003 21.0
18.702 -426.372 10.787 14.0
18.689 -426.356 10.74 14.0
18.709 -426.337 10.738 10.0
18.674 -426.35 10.767 16.0
18.681 -426.329 10.767 30.0
18.577 -426.369 10.808 15.0
18.583 -426.368 10.81 21.0
18.621 -426.382 10.824 18.0
18.615 -426.393 10.871 22.0
18.56 -426.35900000000004 10.806 12.0
18.579 -426.271 10.882 8.0
18.711000000000006 -426.35 10.826 14.0
18.697 -426.31 10.819 1.0
18.659 -426.304 10.815 12.0
18.622 -426.32300000000004 10.861 14.0
18.685 -426.282 10.859 12.0
18.676 -426.3 10.898 1.0
18.824 -426.429 10.748000000000003 18.0
18.745 -426.355 10.734 11.0
18.763 -426.328 10.768 25.0
18.755 -426.33500000000004 10.801 12.0
18.735 -426.377 10.806 22.0
18.743000000000006 -426.387 10.846 15.0
18.766 -426.369 10.876 18.0
18.739 -426.3640000000001 10.811 22.0
18.758 -426.32 10.833 22.0
18.751 -426.328 10.843 27.0
18.754 -426.337 10.841000000000003 13.0
18.758 -426.318 10.848 15.0
18.754 -426.3640000000001 10.891 8.0
18.723 -426.334 10.889 11.0
18.772000000000006 -426.309 10.878 31.0
18.77 -426.312 10.888 17.0
18.958 -426.354 10.446 1.0
18.991 -426.344 10.486 1.0
19.047 -426.342 10.423 0.0
19.042 -426.34 10.405 1.0
19.076 -426.351 10.427 1.0
19.065 -426.334 10.457 0.0
19.186 -426.343 10.429 0.0
19.304000000000006 -426.339 10.414 2.0
19.213 -426.361 10.457 1.0
19.433 -426.342 10.372 1.0
19.441 -426.305 10.385 0.0
19.317 -426.339 10.416 2.0
19.335 -426.34 10.44 0.0
19.433 -426.32300000000004 10.456 1.0
19.677 -426.313 10.4 1.0
19.689 -426.305 10.404 1.0
18.616 -426.3880000000001 10.917 11.0
18.614 -426.319 10.907 9.0
18.599 -426.304 10.94 0.0
18.523 -426.285 10.962 1.0
18.657 -426.298 10.981 3.0
18.727 -426.322 10.914 1.0
18.731 -426.31 10.907 8.0
18.739 -426.324 10.967 1.0
19.828 -426.338 10.394 1.0
20.107 -426.333 10.384 1.0
19.992 -426.34 10.409 0.0
20.39 -426.344 10.302 0.0
20.111 -426.344 10.379 1.0
20.211000000000006 -426.316 10.339 1.0
20.302 -426.333 10.391 1.0
20.384 -426.344 10.324 1.0
20.35 -426.315 10.418000000000003 2.0
19.818 -426.2990000000001 10.871 1.0
19.856 -426.306 10.883 0.0
20.478 -426.272 10.819 0.0
20.521 -426.336 10.295 1.0
20.685 -426.333 10.293000000000003 2.0
20.733 -426.319 10.287 1.0
20.554000000000006 -426.2990000000001 10.365 1.0
20.55 -426.297 10.375 3.0
20.795 -426.2990000000001 10.309000000000003 3.0
20.925 -426.314 10.276 1.0
20.981 -426.31 10.275 1.0
21.164 -426.322 10.234 1.0
21.137 -426.306 10.273 1.0
20.515 -426.266 10.846 0.0
20.55 -426.301 10.856 2.0
20.655 -426.293 10.835 4.0
20.676 -426.2870000000001 10.876 7.0
20.69 -426.295 10.894 4.0
20.777 -426.296 10.809000000000003 0.0
21.003 -426.274 10.832 0.0
19.739 -426.314 10.91 2.0
19.751 -426.282 10.912 0.0
21.307000000000006 -426.319 10.202 1.0
21.444 -426.2990000000001 10.218 1.0
21.603 -426.309 10.25 1.0
21.603 -426.29 10.313 0.0
21.885 -426.324 10.202 1.0
21.747 -426.319 10.224 1.0
21.796 -426.295 10.267 1.0
21.816 -426.317 10.212 1.0
21.932000000000006 -426.316 10.179 1.0
22.083 -426.281 10.191 2.0
22.032 -426.289 10.227 1.0
22.076 -426.29 10.267 2.0
21.348 -426.286 10.757 0.0
21.433 -426.313 10.777000000000003 2.0
21.344 -426.292 10.831 2.0
21.593 -426.273 10.77 1.0
21.63 -426.274 10.786 1.0
21.641 -426.2870000000001 10.81 1.0
21.708 -426.2750000000001 10.764 1.0
21.925 -426.278 10.722 1.0
22.3 -426.279 10.187 1.0
22.299 -426.282 10.228 3.0
22.334 -426.292 10.196 3.0
22.362 -426.305 10.156 2.0
22.376 -426.273 10.184000000000003 3.0
22.49 -426.294 10.122 0.0
22.49 -426.285 10.153 2.0
22.434 -426.304 10.169 1.0
22.541 -426.295 10.174 1.0
22.525000000000006 -426.295 10.19 1.0
22.564 -426.295 10.178 1.0
22.669 -426.289 10.148 1.0
22.612 -426.2990000000001 10.168000000000003 1.0
22.665 -426.302 10.161 1.0
22.726 -426.2750000000001 10.143 1.0
22.752 -426.295 10.149 1.0
22.791 -426.296 10.13 1.0
22.748 -426.313 10.16 1.0
22.779 -426.286 10.16 1.0
22.849 -426.3 10.133 1.0
22.88 -426.295 10.11 1.0
22.867 -426.294 10.137 0.0
22.878 -426.301 10.134 1.0
22.832 -426.273 10.194 0.0
22.876 -426.289 10.159 1.0
22.353 -426.27 10.804 0.0
22.784 -426.289 10.717 1.0
16.758 -426.253 10.709 2.0
18.592 -426.233 10.881 0.0
20.267 -426.265 10.867 1.0
19.855 -426.262 10.954 1.0
21.667 -426.265 10.749 0.0
22.034 -426.262 10.765 2.0
22.132 -426.264 10.739 1.0
22.29 -426.247 10.737 1.0
22.484 -426.264 10.77 3.0
13.782 -425.657 13.642 2.0
13.912 -425.71000000000004 13.748000000000003 1.0
14.027000000000003 -425.706 13.908 0.0
13.943 -425.699 13.951 5.0
13.02 -426.125 16.847 1.0
13.073 -426.121 16.804000000000002 7.0
13.05 -426.164 16.855 4.0
22.907 -426.293 10.023 2.0
22.964000000000006 -426.305 10.104 1.0
23.189 -426.3 9.996 6.0
23.122 -426.2750000000001 10.104 2.0
23.142 -426.281 10.101 1.0
23.256 -426.295 10.054 1.0
23.288 -426.285 10.1 1.0
23.345 -426.29 10.102 2.0
23.381 -426.289 10.084 2.0
23.391 -426.289 10.092 2.0
23.399 -426.2870000000001 10.089 1.0
23.423 -426.28 10.089 2.0
23.463 -426.283 10.071 1.0
23.523 -426.277 10.058 2.0
23.554000000000006 -426.271 10.072 1.0
23.584 -426.277 10.062 1.0
23.593 -426.27 10.09 1.0
23.642 -426.266 10.053 1.0
23.676 -426.278 10.076 1.0
23.873 -426.2750000000001 9.933 2.0
23.705 -426.277 10.053 2.0
23.764 -426.28 10.035 1.0
23.778000000000002 -426.271 10.051 1.0
23.738 -426.268 10.081 1.0
23.726 -426.281 10.102 1.0
23.753 -426.2870000000001 10.08 1.0
23.854 -426.282 10.022 1.0
23.859 -426.268 10.042 2.0
23.819 -426.281 10.059000000000003 0.0
23.817 -426.279 10.085 1.0
23.797 -426.274 10.084 1.0
23.968 -426.277 10.012 1.0
23.909 -426.276 10.069 1.0
23.898 -426.278 10.094 1.0
23.942 -426.282 10.087 1.0
23.994 -426.28 10.092 0.0
24.034 -426.27 10.01 2.0
24.002 -426.269 10.051 1.0
24.055 -426.27 10.029 2.0
24.091 -426.276 10.006 1.0
24.092 -426.269 10.024 2.0
24.087 -426.276 10.037 1.0
23.999 -426.282 10.085 1.0
24.006 -426.269 10.098 2.0
24.172 -426.282 10.023 1.0
24.146 -426.28 10.05 1.0
24.161 -426.276 10.045 1.0
24.191 -426.274 10.035 1.0
24.175 -426.282 10.056 1.0
24.243000000000006 -426.281 10.053 0.0
24.241 -426.273 10.043000000000003 1.0
24.204 -426.289 10.079 1.0
24.349 -426.269 10.023 2.0
24.298 -426.284 10.063 2.0
24.485 -426.269 10.029 1.0
24.576 -426.27 10.0 1.0
24.63 -426.266 9.995 1.0
24.659 -426.267 9.988 1.0
24.659 -426.277 10.001 2.0
24.549 -426.267 10.04 2.0
24.536 -426.273 10.066 2.0
24.576 -426.266 10.059000000000003 4.0
24.653000000000002 -426.269 10.01 1.0
24.632 -426.271 10.016 0.0
24.639 -426.274 10.021 1.0
24.732 -426.267 9.969 1.0
24.749 -426.274 9.974 1.0
24.832 -426.272 9.962 1.0
24.838 -426.274 9.97 2.0
24.717 -426.271 10.006 1.0
24.777 -426.266 10.011000000000003 1.0
24.922 -426.279 9.949 1.0
24.906 -426.266 10.003 1.0
24.943 -426.269 9.957 1.0
24.945 -426.2750000000001 9.982000000000003 1.0
25.168 -426.278 9.909 4.0
25.329 -426.273 9.977 1.0
25.342000000000002 -426.2750000000001 9.967 4.0
22.925 -426.307 10.106 1.0
22.982 -426.281 10.12 1.0
22.977 -426.2750000000001 10.136000000000003 1.0
22.915 -426.282 10.174 4.0
23.203 -426.29 10.115 1.0
23.251 -426.2870000000001 10.12 2.0
23.339000000000006 -426.3 10.142 2.0
23.396 -426.27 10.181 2.0
23.459 -426.282 10.123 0.0
23.493000000000006 -426.2870000000001 10.11 2.0
23.526 -426.276 10.133 2.0
23.635 -426.278 10.108 1.0
23.683 -426.269 10.135 5.0
23.317 -426.272 10.700000000000003 2.0
23.804000000000006 -426.277 10.106 2.0
24.91 -426.269 10.638 1.0
23.689 -426.257 10.086 3.0
23.725 -426.258 10.046 2.0
23.794 -426.264 10.056 1.0
23.856 -426.261 10.036 2.0
23.987 -426.255 10.047 2.0
24.037 -426.264 10.065 1.0
24.118000000000006 -426.265 10.049 1.0
24.096 -426.262 10.092 0.0
24.265 -426.258 10.017 1.0
24.399 -426.265 10.026 2.0
24.491 -426.259 10.056 1.0
24.523 -426.257 10.003 2.0
24.506 -426.254 10.026 2.0
24.63 -426.264 10.017 1.0
24.646 -426.262 10.025 1.0
24.664 -426.253 10.037 1.0
24.597 -426.241 10.072 2.0
24.709 -426.264 10.002 2.0
24.731 -426.257 9.988 1.0
24.772000000000006 -426.265 9.977 2.0
24.789 -426.264 9.986 2.0
24.824 -426.264 9.946 1.0
24.802 -426.2630000000001 9.97 1.0
24.868000000000006 -426.2630000000001 9.971 2.0
24.851 -426.259 9.999 1.0
24.741 -426.252 10.02 2.0
24.699 -426.24 10.05 5.0
24.767 -426.237 10.038 1.0
24.812 -426.244 10.006 2.0
24.797 -426.258 10.019 1.0
24.823 -426.262 10.019 1.0
24.837 -426.25 10.018 2.0
24.971 -426.2630000000001 9.950000000000003 1.0
24.894 -426.254 9.981 1.0
24.916 -426.258 9.995 2.0
25.014 -426.258 9.953 2.0
25.022000000000006 -426.243 9.967 2.0
25.071 -426.255 9.961 2.0
25.133 -426.249 9.974 2.0
25.25 -426.257 9.971 1.0
25.132 -426.257 10.027000000000003 1.0
25.191 -426.256 10.026 1.0
25.224 -426.255 10.005 1.0
25.301 -426.261 9.897 3.0
25.441 -426.264 9.894 2.0
25.557000000000006 -426.264 9.877 3.0
25.575 -426.258 9.871 4.0
25.66 -426.255 9.872 1.0
25.306 -426.261 9.994 1.0
25.36 -426.258 9.969 2.0
25.385 -426.248 9.974 2.0
25.401 -426.265 9.96 1.0
25.461000000000006 -426.2510000000001 9.96 2.0
25.467000000000002 -426.25 9.977 2.0
25.489 -426.255 9.995 0.0
25.537 -426.254 9.945 1.0
25.545 -426.248 9.954 1.0
25.508 -426.26 9.986 2.0
25.58 -426.247 9.964 1.0
25.58 -426.2270000000001 9.994 3.0
25.601 -426.262 9.94 1.0
25.688 -426.236 9.918000000000003 3.0
25.650000000000006 -426.248 9.946 1.0
25.671 -426.2510000000001 9.937 1.0
25.666 -426.243 9.944 1.0
25.596 -426.26 9.972 2.0
25.592000000000002 -426.25 9.983 1.0
25.684 -426.26 9.958 2.0
25.67 -426.243 9.964 2.0
25.684 -426.246 10.004 5.0
25.624 -426.237 10.019 0.0
25.625 -426.254 10.034 7.0
25.757 -426.252 9.896 1.0
25.886 -426.24 9.898 1.0
25.983 -426.25 9.833 2.0
25.976 -426.242 9.902000000000003 1.0
26.022000000000006 -426.25 9.821 1.0
26.069 -426.248 9.877 1.0
25.72 -426.255 9.945 1.0
25.749 -426.25 9.926 1.0
25.773 -426.258 9.954 1.0
25.781 -426.233 9.942 2.0
25.69 -426.249 9.971 1.0
25.705 -426.23400000000004 9.975 3.0
25.7 -426.2270000000001 9.968 4.0
25.787 -426.24 9.972 3.0
25.695 -426.2630000000001 9.991 2.0
25.762 -426.241 9.981 2.0
25.810000000000002 -426.259 9.928 0.0
25.83 -426.255 9.908 1.0
25.82 -426.25 9.916 1.0
25.834 -426.2510000000001 9.926 0.0
25.865 -426.243 9.947 2.0
25.825 -426.24 9.907 2.0
25.839000000000006 -426.252 9.942 1.0
25.799 -426.238 9.949 1.0
25.832 -426.257 9.961 6.0
25.841 -426.248 9.969 1.0
25.906 -426.25 9.92 1.0
25.914 -426.254 9.927 1.0
25.904 -426.241 9.942 3.0
25.919 -426.258 9.949 4.0
25.928 -426.253 9.951 3.0
25.975 -426.2390000000001 9.922 2.0
25.987 -426.237 9.933 2.0
25.900000000000006 -426.233 10.004 2.0
25.958 -426.254 9.98 0.0
26.035 -426.247 9.907 2.0
26.003 -426.254 9.939 6.0
25.989 -426.256 9.948 3.0
26.044 -426.249 9.921 1.0
26.084 -426.245 9.929 2.0
26.04 -426.252 9.939 5.0
26.067 -426.247 9.946 1.0
26.029 -426.253 9.965 0.0
26.016 -426.236 9.968 4.0
26.053 -426.247 9.991 3.0
26.053 -426.233 9.983 6.0
26.088 -426.226 9.991 5.0
25.927 -426.23 10.013 3.0
26.111 -426.241 9.811 1.0
26.116 -426.2390000000001 9.821 2.0
26.256 -426.244 9.896 2.0
26.345 -426.253 9.894 1.0
26.383 -426.243 9.903 1.0
26.446 -426.2390000000001 9.88 0.0
26.431 -426.255 9.883 1.0
26.388 -426.232 9.894 2.0
26.455 -426.245 9.891 1.0
26.183 -426.242 9.91 1.0
26.146 -426.233 9.929 5.0
26.166 -426.242 9.941 1.0
26.131 -426.23 9.933 3.0
26.096 -426.245 9.964 1.0
26.106 -426.25 9.976 1.0
26.089000000000006 -426.236 9.955 2.0
26.128 -426.226 9.962 2.0
26.157 -426.236 9.982000000000003 5.0
26.168 -426.223 9.98 5.0
26.202 -426.235 9.906 1.0
26.253 -426.24 9.907 1.0
26.236 -426.2390000000001 9.929 1.0
26.26 -426.237 9.917 4.0
26.26 -426.228 9.928 2.0
26.198 -426.241 9.966000000000003 1.0
26.231 -426.235 9.971 4.0
26.227 -426.2390000000001 9.975 0.0
26.249 -426.224 9.968 2.0
26.354 -426.255 9.92 1.0
26.308 -426.24 9.917 1.0
26.371000000000006 -426.233 9.905 6.0
26.37 -426.24 9.926 1.0
26.339000000000006 -426.217 9.952 4.0
26.387 -426.231 9.93 1.0
26.322 -426.242 9.947 1.0
26.382 -426.237 9.947 2.0
26.305 -426.23400000000004 9.959 2.0
26.332 -426.228 9.956 2.0
26.39 -426.224 9.905 1.0
26.421 -426.231 9.924 2.0
26.39 -426.243 9.943 1.0
26.413 -426.229 9.944 2.0
26.462 -426.246 9.933 1.0
26.413 -426.212 9.914 1.0
26.481 -426.212 9.933 1.0
26.395 -426.233 9.967 4.0
26.393 -426.228 9.962 1.0
26.419 -426.236 9.961 0.0
26.534 -426.245 9.856 1.0
26.517 -426.257 9.872 1.0
26.488 -426.249 9.892 5.0
26.488 -426.228 9.887 1.0
26.526 -426.235 9.887 2.0
26.599 -426.253 9.861 1.0
26.636 -426.243 9.893 1.0
26.59 -426.232 9.904 1.0
26.642 -426.243 9.89 1.0
26.614 -426.232 9.903 2.0
26.679000000000006 -426.241 9.9 1.0
26.675 -426.237 9.89 2.0
26.77 -426.26 9.839 1.0
26.693 -426.255 9.876 0.0
26.712 -426.252 9.868 3.0
26.705 -426.246 9.887 1.0
26.843 -426.256 9.862 1.0
26.752 -426.242 9.889 1.0
26.851 -426.236 9.883 2.0
26.757 -426.238 9.895 3.0
26.825 -426.258 9.856 2.0
26.821 -426.237 9.878 1.0
26.814 -426.237 9.887 1.0
26.534 -426.243 9.923 1.0
26.524 -426.238 9.929 1.0
26.521 -426.23400000000004 9.924 3.0
26.541 -426.242 9.921 1.0
26.496000000000006 -426.23400000000004 9.932 2.0
26.566 -426.247 9.92 1.0
26.577 -426.236 9.922 0.0
26.571 -426.226 9.922 1.0
26.608 -426.243 9.911 1.0
26.629 -426.226 9.935 1.0
26.576 -426.248 10.015 1.0
26.653000000000002 -426.232 9.91 1.0
26.655 -426.233 10.006 1.0
26.785 -426.237 9.929 0.0
26.764 -426.229 9.947 5.0
26.839000000000006 -426.216 9.926 1.0
26.881 -426.226 9.929 2.0
26.812 -426.219 9.961 0.0
26.877 -426.221 9.941 3.0
26.824 -426.2270000000001 9.985 4.0
26.928 -426.233 9.847 2.0
26.891 -426.23400000000004 9.877 0.0
26.893 -426.23400000000004 9.893 1.0
26.919 -426.23400000000004 9.884 1.0
26.967000000000002 -426.23 9.866 0.0
26.953 -426.228 9.899 2.0
27.068 -426.237 9.842 1.0
26.99 -426.233 9.864 1.0
27.079 -426.225 9.866 1.0
26.998 -426.233 9.896 2.0
27.068 -426.226 9.876 2.0
27.009 -426.221 9.898 2.0
27.074 -426.223 9.904 2.0
27.02 -426.22200000000004 9.881 2.0
27.033 -426.225 9.887 3.0
27.117 -426.235 9.746 3.0
27.134 -426.232 9.825000000000003 1.0
27.152 -426.243 9.823 1.0
27.17 -426.244 9.849 2.0
27.126 -426.229 9.86 3.0
27.121000000000006 -426.226 9.903 6.0
27.135 -426.225 9.859 3.0
27.143 -426.228 9.865 1.0
27.152 -426.2270000000001 9.888 2.0
27.253 -426.243 9.852 3.0
27.217000000000002 -426.225 9.874 2.0
27.27 -426.237 9.861 1.0
26.899 -426.219 9.911 1.0
27.275000000000006 -426.233 9.863 1.0
26.932000000000006 -426.2270000000001 9.944 6.0
27.269 -426.233 9.881 1.0
27.264 -426.223 9.882 4.0
27.282 -426.2270000000001 9.888 3.0
27.205 -426.236 9.892 1.0
27.187 -426.219 9.882 1.0
27.189 -426.219 9.894 5.0
26.993000000000006 -426.229 9.918000000000003 1.0
27.003 -426.226 9.919 4.0
26.999000000000002 -426.226 9.931 3.0
27.065 -426.226 9.919 1.0
27.131 -426.226 9.907 1.0
27.134 -426.23 9.932 0.0
27.245 -426.235 9.907 2.0
27.241 -426.224 9.917 1.0
27.218 -426.233 9.906 1.0
27.322 -426.226 9.851 1.0
27.311 -426.22 9.904 1.0
27.337 -426.238 9.868 1.0
27.335 -426.22 9.872 3.0
27.341 -426.23 9.884 1.0
27.376 -426.223 9.89 2.0
27.323 -426.214 9.901 1.0
27.451 -426.229 9.822 1.0
27.434 -426.233 9.853 1.0
27.482 -426.226 9.849 1.0
27.412 -426.228 9.859 2.0
27.432000000000006 -426.229 9.877 2.0
27.386 -426.229 9.893 2.0
27.463 -426.229 9.88 2.0
27.447 -426.223 9.89 1.0
27.499000000000002 -426.224 9.833 1.0
27.551 -426.231 9.849 2.0
27.559 -426.23400000000004 9.837 1.0
27.565 -426.224 9.854 1.0
27.495 -426.225 9.861 3.0
27.506 -426.223 9.872 3.0
27.503 -426.226 9.896 6.0
27.542 -426.226 9.867 2.0
27.503 -426.223 9.898 1.0
27.552 -426.2390000000001 9.885 1.0
27.517 -426.223 9.885 0.0
27.569 -426.223 9.885 3.0
27.567 -426.224 9.9 1.0
27.634 -426.228 9.843 1.0
27.623 -426.223 9.829 1.0
27.645 -426.235 9.878 1.0
27.601 -426.218 9.836 2.0
27.653000000000002 -426.23 9.876 1.0
27.608 -426.233 9.836 1.0
27.639 -426.2270000000001 9.873 1.0
27.618000000000006 -426.229 9.838 2.0
27.644 -426.219 9.894 1.0
27.619 -426.243 9.869 1.0
27.614 -426.238 9.856 2.0
27.586000000000006 -426.223 9.887 1.0
27.434 -426.22200000000004 9.908 6.0
27.442 -426.2270000000001 9.933 0.0
27.432000000000006 -426.229 9.914 0.0
27.415 -426.229 9.92 2.0
27.701 -426.235 9.816 1.0
27.69 -426.241 9.844 5.0
27.77 -426.23400000000004 9.83 1.0
27.772000000000006 -426.237 9.844 1.0
27.704 -426.233 9.863 1.0
27.776 -426.233 9.85 1.0
27.706 -426.228 9.862 1.0
27.777 -426.23 9.851 1.0
27.712 -426.225 9.865 1.0
27.772000000000006 -426.217 9.867 1.0
27.826 -426.231 9.831 1.0
27.838 -426.23 9.84 1.0
27.834 -426.219 9.855 2.0
27.869 -426.22 9.84 1.0
27.796 -426.214 9.862 3.0
28.003 -426.225 9.801 1.0
28.054000000000006 -426.217 9.788 1.0
27.906 -426.23 9.829 1.0
27.896 -426.226 9.829 1.0
27.917 -426.218 9.846 0.0
27.933 -426.22 9.822 1.0
27.96 -426.219 9.829 1.0
27.922 -426.217 9.904 0.0
27.959 -426.209 9.885 1.0
28.05 -426.216 9.853 0.0
28.038 -426.214 9.846 4.0
27.998 -426.221 9.879 1.0
28.066 -426.22200000000004 9.858 1.0
28.060000000000002 -426.218 9.875 1.0
27.989 -426.207 9.859 1.0
28.029 -426.204 9.874 1.0
27.984 -426.212 9.886000000000003 1.0
28.08 -426.184 9.876 1.0
28.098 -426.224 9.799 0.0
28.142 -426.224 9.821 1.0
28.14 -426.221 9.818 4.0
28.097 -426.21000000000004 9.828 3.0
28.106 -426.206 9.848 1.0
28.138 -426.215 9.851 2.0
28.139 -426.216 9.863 2.0
28.133 -426.214 9.865 1.0
28.086000000000006 -426.207 9.861 1.0
28.161 -426.211 9.859 6.0
28.203 -426.225 9.819 3.0
28.212 -426.233 9.854 3.0
28.252 -426.219 9.826 1.0
28.269 -426.23 9.832 2.0
28.257 -426.223 9.838 1.0
28.182000000000006 -426.208 9.809000000000003 2.0
28.197 -426.214 9.837 3.0
28.273 -426.218 9.857 3.0
28.438 -426.233 9.799 1.0
28.309 -426.221 9.813 3.0
28.32 -426.229 9.824 1.0
28.38 -426.233 9.811 1.0
28.303 -426.21000000000004 9.839 6.0
28.333 -426.215 9.817 1.0
28.373 -426.208 9.829 2.0
28.355 -426.208 9.839 4.0
28.369 -426.195 9.881 4.0
28.448 -426.217 9.818 2.0
28.447 -426.208 9.829 5.0
28.443 -426.195 9.852 5.0
28.43 -426.201 9.856 3.0
28.47 -426.215 9.866 2.0
28.325 -426.214 9.906 8.0
28.679000000000006 -426.201 9.745 2.0
28.589000000000006 -426.219 9.797 1.0
28.657 -426.214 9.788 1.0
28.673 -426.204 9.799 1.0
28.516 -426.212 9.809000000000003 1.0
28.499000000000002 -426.195 9.84 3.0
28.496000000000006 -426.208 9.844 2.0
28.527 -426.19800000000004 9.839 2.0
28.539 -426.204 9.819 3.0
28.557000000000006 -426.19800000000004 9.826 1.0
28.553 -426.203 9.835 1.0
28.548 -426.204 9.877 3.0
28.567 -426.212 9.856 2.0
28.512 -426.205 9.872 3.0
28.53 -426.205 9.885 4.0
28.625 -426.22 9.82 1.0
28.595 -426.216 9.842 3.0
28.584 -426.219 9.85 0.0
28.635 -426.216 9.808 4.0
28.645 -426.223 9.833 1.0
28.655 -426.221 9.831 2.0
28.637 -426.21000000000004 9.843 1.0
28.592000000000002 -426.211 9.869 0.0
28.627 -426.21000000000004 9.866 2.0
28.623 -426.209 9.81 0.0
28.629 -426.201 9.812 1.0
28.601 -426.209 9.847 3.0
28.654 -426.216 9.871 4.0
28.637 -426.212 9.878 1.0
28.728 -426.217 9.778 1.0
28.729 -426.22 9.797 2.0
28.757 -426.226 9.802 1.0
28.734 -426.211 9.785 1.0
28.741 -426.213 9.801 1.0
28.763 -426.209 9.792 2.0
28.82 -426.217 9.787 2.0
28.869 -426.221 9.758 0.0
28.789 -426.212 9.772 1.0
28.822 -426.211 9.774 0.0
28.801 -426.211 9.791 1.0
28.794 -426.211 9.794 1.0
28.878 -426.212 9.757 1.0
28.694 -426.218 9.82 1.0
28.72 -426.216 9.818 1.0
28.71 -426.22 9.838 1.0
28.708 -426.225 9.854 2.0
28.743000000000006 -426.223 9.833 3.0
28.68 -426.211 9.812 1.0
28.71 -426.211 9.807 0.0
28.706 -426.21000000000004 9.831 2.0
28.774 -426.214 9.82 2.0
28.759 -426.213 9.837 1.0
28.779 -426.221 9.807 1.0
28.816 -426.219 9.812 1.0
28.78 -426.217 9.845 2.0
28.855 -426.218 9.835 1.0
28.805 -426.204 9.824 1.0
28.847 -426.203 9.806 3.0
28.845 -426.202 9.814 1.0
28.912 -426.219 9.777000000000003 1.0
28.898 -426.202 9.801 3.0
28.915 -426.207 9.795 3.0
28.881 -426.22200000000004 9.821 1.0
29.003 -426.208 9.796 1.0
28.899 -426.232 9.838 3.0
28.93 -426.219 9.825000000000003 1.0
28.892 -426.201 9.818 3.0
28.948 -426.203 9.807 2.0
29.02 -426.228 9.808 1.0
29.001 -426.212 9.817 1.0
29.071 -426.203 9.808 1.0
29.041 -426.208 9.842 2.0
29.151 -426.215 9.797 1.0
29.273 -426.204 9.738 1.0
29.261 -426.199 9.803 1.0
29.095 -426.204 9.833 1.0
29.124000000000002 -426.211 9.843 3.0
29.149 -426.2 9.823 1.0
29.139 -426.226 9.868 3.0
29.209 -426.206 9.811 1.0
29.191 -426.2 9.843 2.0
29.222 -426.212 9.854 3.0
29.275000000000006 -426.199 9.829 4.0
29.256 -426.204 9.833 2.0
23.527 -426.2630000000001 10.142 1.0
23.636 -426.264 10.111 2.0
23.675 -426.2630000000001 10.136000000000003 3.0
23.501 -426.26 10.688 0.0
23.681 -426.247 10.702 1.0
23.409 -426.25 10.709 0.0
23.411 -426.244 10.717 2.0
23.724 -426.247 10.692 0.0
23.874 -426.245 10.636000000000003 0.0
24.026 -426.247 10.678 3.0
24.23 -426.238 10.652000000000003 1.0
24.328 -426.238 10.63 1.0
24.335 -426.248 10.661 3.0
24.454 -426.249 10.653 1.0
24.516 -426.25 10.648 0.0
24.529 -426.24 10.635 0.0
24.657 -426.2510000000001 10.621 1.0
24.731 -426.245 10.605 0.0
24.783 -426.23 10.624 1.0
24.968 -426.242 10.619 3.0
25.081 -426.232 10.612 1.0
25.371000000000006 -426.217 10.573 1.0
25.442 -426.229 10.587 1.0
25.425 -426.209 10.557 1.0
25.44 -426.21000000000004 10.557 1.0
25.634 -426.218 10.586 1.0
25.639 -426.217 10.633 1.0
25.857 -426.215 10.552 1.0
25.825 -426.216 10.577 0.0
25.969 -426.215 10.57 2.0
26.02 -426.213 10.572 1.0
26.01 -426.19 10.559000000000003 1.0
26.314 -426.231 10.5 1.0
26.17 -426.214 10.53 1.0
26.244 -426.214 10.567 1.0
26.142 -426.241 10.612 1.0
26.35 -426.19800000000004 10.527000000000003 1.0
26.459 -426.215 10.568 1.0
26.506 -426.188 10.592 2.0
26.601 -426.19 10.548 1.0
26.604 -426.19 10.555 2.0
26.694 -426.219 10.528 2.0
26.835 -426.206 10.568 3.0
27.623 -426.2 10.453 2.0
26.893 -426.201 10.552 3.0
26.957 -426.196 10.54 1.0
26.967000000000002 -426.199 10.547 2.0
26.91 -426.208 10.562 2.0
26.957 -426.211 10.598 1.0
27.028000000000002 -426.196 10.557 0.0
27.041 -426.201 10.587 2.0
27.091 -426.195 10.54 1.0
27.169 -426.199 10.543000000000003 2.0
27.227 -426.192 10.531 3.0
27.216 -426.201 10.563 3.0
27.35 -426.185 10.504 0.0
27.627 -426.182 10.54 3.0
27.928 -426.178 10.472 1.0
27.884 -426.177 10.485 4.0
27.938 -426.1860000000001 10.494 1.0
28.02 -426.1860000000001 10.465 2.0
27.774 -426.173 10.518 2.0
27.807000000000006 -426.181 10.518 1.0
27.824 -426.192 10.528 2.0
27.877 -426.185 10.513 2.0
28.663 -426.1740000000001 10.48 1.0
28.900000000000006 -426.179 10.466000000000003 2.0
29.319 -426.202 9.792 1.0
29.414 -426.196 9.799 2.0
29.445 -426.205 9.804 1.0
29.437 -426.201 9.797 1.0
29.457 -426.2 9.786 1.0
29.326 -426.195 9.82 1.0
29.316 -426.19800000000004 9.824 1.0
29.296 -426.201 9.834 2.0
29.3 -426.214 9.843 3.0
29.292 -426.204 9.851 3.0
29.335 -426.184 9.826 4.0
29.374000000000002 -426.182 9.806 2.0
29.365 -426.1860000000001 9.819 1.0
29.374000000000002 -426.203 9.841000000000003 2.0
29.374000000000002 -426.231 9.867 2.0
29.386 -426.204 9.807 0.0
29.383 -426.207 9.813 1.0
29.381 -426.203 9.829 2.0
29.384 -426.182 9.811 4.0
29.458 -426.208 9.819 1.0
29.451 -426.209 9.841000000000003 3.0
29.456 -426.202 9.831 2.0
29.462 -426.2 9.838 6.0
29.469 -426.212 9.851 3.0
29.560000000000002 -426.203 9.754 1.0
29.506 -426.204 9.758 2.0
29.502 -426.196 9.772 1.0
29.486 -426.194 9.799 2.0
29.508 -426.207 9.794 1.0
29.522000000000006 -426.206 9.805 1.0
29.546 -426.204 9.776 1.0
29.545 -426.203 9.79 2.0
29.572 -426.208 9.791 1.0
29.599 -426.205 9.765 1.0
29.599 -426.194 9.777000000000003 5.0
29.62 -426.207 9.778 1.0
29.61 -426.194 9.777000000000003 2.0
29.619 -426.205 9.804 2.0
29.650000000000006 -426.202 9.756 0.0
29.664 -426.203 9.766 1.0
29.669 -426.202 9.768 3.0
29.67 -426.195 9.79 2.0
29.672 -426.209 9.793000000000003 1.0
29.672 -426.192 9.797 3.0
29.501 -426.193 9.83 1.0
29.511 -426.196 9.825000000000003 1.0
29.537 -426.205 9.807 2.0
29.568 -426.206 9.815 1.0
29.557000000000006 -426.195 9.82 1.0
29.573 -426.194 9.849 2.0
29.62 -426.205 9.811 2.0
29.650000000000006 -426.2 9.825000000000003 2.0
29.728 -426.194 9.736 3.0
29.722 -426.195 9.778 1.0
29.693 -426.205 9.785 2.0
29.721 -426.206 9.783 1.0
29.773 -426.197 9.768 1.0
29.772000000000006 -426.201 9.773 1.0
29.767 -426.192 9.787 0.0
29.84 -426.199 9.724 4.0
29.82 -426.204 9.763 1.0
29.813000000000002 -426.189 9.777000000000003 1.0
29.861 -426.189 9.766 1.0
29.783 -426.209 9.79 1.0
29.777 -426.207 9.795 1.0
29.825 -426.208 9.783 1.0
29.679000000000006 -426.204 9.82 1.0
29.699 -426.199 9.829 4.0
29.725 -426.202 9.809000000000003 1.0
29.738 -426.204 9.814 3.0
29.769 -426.196 9.817 2.0
29.853 -426.197 9.844 6.0
29.878 -426.192 9.748 2.0
29.917 -426.19800000000004 9.752 1.0
29.952 -426.2 9.713 3.0
29.974 -426.205 9.736 2.0
29.963 -426.196 9.742 1.0
29.912 -426.181 9.792 2.0
29.976 -426.196 9.784 2.0
30.014 -426.202 9.794 2.0
30.044 -426.199 9.773 4.0
30.072 -426.202 9.785 2.0
30.057000000000006 -426.1860000000001 9.794 4.0
29.911 -426.183 9.828 1.0
29.945 -426.18 9.808 2.0
30.042 -426.182 9.815 4.0
30.398 -426.209 9.667 2.0
30.505 -426.189 9.657 2.0
30.156000000000002 -426.193 9.718 2.0
30.113 -426.19800000000004 9.762 1.0
30.124000000000002 -426.192 9.778 1.0
30.106 -426.184 9.783 1.0
30.154 -426.1860000000001 9.772 2.0
30.249000000000002 -426.195 9.708 1.0
30.182000000000006 -426.193 9.769 2.0
30.237 -426.1860000000001 9.761000000000003 1.0
30.251 -426.194 9.786 1.0
30.27 -426.195 9.8 0.0
30.241 -426.211 9.814 3.0
30.3 -426.19800000000004 9.749 1.0
30.303 -426.206 9.783 3.0
30.311 -426.192 9.789 0.0
30.359 -426.197 9.775 2.0
30.359 -426.189 9.769 1.0
30.351 -426.205 9.799 4.0
30.441 -426.191 9.753 1.0
30.403000000000002 -426.197 9.762 1.0
30.422 -426.191 9.76 2.0
30.402 -426.187 9.783 2.0
30.411 -426.188 9.801 2.0
30.448 -426.191 9.763 3.0
30.449 -426.178 9.761000000000003 1.0
30.452 -426.187 9.78 4.0
30.465 -426.185 9.772 2.0
30.458 -426.179 9.786 3.0
30.467000000000002 -426.1860000000001 9.8 1.0
30.299 -426.183 9.818 3.0
30.367 -426.199 9.829 6.0
30.395 -426.192 9.812 2.0
30.405 -426.212 9.819 3.0
30.425 -426.19800000000004 9.818 3.0
30.477 -426.183 9.745 1.0
30.482 -426.1860000000001 9.752 2.0
30.508 -426.182 9.776 2.0
30.49 -426.189 9.79 2.0
30.488 -426.182 9.804 1.0
30.515 -426.189 9.785 2.0
30.527 -426.187 9.762 2.0
30.562 -426.178 9.765 2.0
30.57 -426.1860000000001 9.779 2.0
30.564 -426.181 9.778 1.0
30.544 -426.184 9.794 1.0
30.604 -426.184 9.734 2.0
30.665 -426.184 9.726 1.0
30.648 -426.193 9.743 1.0
30.602 -426.196 9.76 2.0
30.611 -426.184 9.756 3.0
30.604 -426.205 9.804 3.0
30.599 -426.19800000000004 9.801 1.0
30.599 -426.19 9.785 2.0
30.672 -426.182 9.76 1.0
30.648 -426.19 9.769 2.0
30.657 -426.184 9.774 2.0
30.628 -426.201 9.789 2.0
30.644 -426.2 9.789 1.0
30.662 -426.203 9.798 3.0
30.482 -426.19800000000004 9.82 3.0
30.571 -426.206 9.81 2.0
30.555 -426.196 9.813 1.0
30.527 -426.209 9.834 3.0
30.662 -426.18 9.82 9.0
30.673 -426.188 9.752 2.0
30.751 -426.203 9.741 2.0
30.726 -426.184 9.751 2.0
30.769 -426.187 9.754 4.0
30.68 -426.181 9.768 3.0
30.714000000000006 -426.182 9.763 3.0
30.68 -426.19 9.782 1.0
30.746000000000006 -426.193 9.76 3.0
30.725 -426.193 9.771 2.0
30.767 -426.193 9.76 1.0
30.727 -426.19 9.758 4.0
30.755 -426.191 9.784 3.0
30.762 -426.177 9.802 1.0
30.782 -426.191 9.74 2.0
30.805 -426.19 9.747 5.0
30.823 -426.192 9.746 6.0
30.816 -426.183 9.792 1.0
30.810000000000002 -426.177 9.787 2.0
30.845000000000002 -426.195 9.773 2.0
30.85 -426.192 9.76 2.0
30.857 -426.176 9.778 1.0
30.829 -426.183 9.792 3.0
30.862 -426.176 9.785 1.0
30.86 -426.18 9.805 6.0
30.707 -426.168 9.814 4.0
30.913 -426.178 9.694 3.0
30.996000000000006 -426.183 9.684000000000003 5.0
31.077 -426.18 9.675 6.0
31.16 -426.185 9.665 2.0
31.279 -426.179 9.701 2.0
31.393 -426.185 9.69 3.0
31.573 -426.18 9.702 1.0
30.964000000000006 -426.189 9.716000000000003 2.0
30.942 -426.19 9.734 4.0
30.88 -426.192 9.78 1.0
30.876 -426.176 9.761000000000003 0.0
30.908 -426.182 9.767 1.0
30.917 -426.185 9.773 1.0
30.912 -426.171 9.792 1.0
30.922 -426.187 9.772 1.0
30.955 -426.181 9.758 2.0
30.969 -426.189 9.763 2.0
30.964000000000006 -426.178 9.766 2.0
30.971 -426.177 9.777000000000003 4.0
31.009 -426.181 9.73 1.0
31.002 -426.181 9.749 1.0
31.013 -426.188 9.754 1.0
31.055 -426.187 9.723 5.0
31.049 -426.176 9.722 1.0
31.07 -426.192 9.745 1.0
31.058 -426.188 9.745 1.0
31.015 -426.181 9.757 1.0
31.054000000000006 -426.176 9.764 3.0
30.964000000000006 -426.1620000000001 9.779 1.0
31.102 -426.187 9.736 1.0
31.096 -426.18 9.732 2.0
31.107 -426.189 9.75 2.0
31.145 -426.184 9.728 1.0
31.196 -426.171 9.742 2.0
31.242 -426.183 9.726 9.0
31.201 -426.171 9.781 2.0
31.264 -426.1740000000001 9.772 1.0
31.237 -426.172 9.8 6.0
31.294 -426.188 9.73 2.0
31.327 -426.173 9.762 2.0
31.341 -426.192 9.793000000000003 2.0
31.33 -426.19 9.8 4.0
31.381 -426.19 9.753 4.0
31.391 -426.172 9.752 2.0
31.438000000000002 -426.187 9.721 6.0
31.439 -426.171 9.753 3.0
31.454 -426.17 9.741 1.0
31.401 -426.195 9.759 3.0
31.373 -426.188 9.775 2.0
31.397000000000006 -426.206 9.784 3.0
31.402 -426.188 9.789 3.0
31.425 -426.178 9.78 2.0
31.466 -426.185 9.763 2.0
31.43 -426.185 9.799 4.0
31.467000000000002 -426.181 9.79 0.0
31.479 -426.177 9.712 2.0
31.516 -426.176 9.733 1.0
31.502 -426.173 9.744 2.0
31.565 -426.176 9.735 2.0
31.560000000000002 -426.171 9.749 2.0
31.474 -426.1860000000001 9.779 2.0
31.504 -426.187 9.771 2.0
31.493000000000006 -426.173 9.782 2.0
31.503 -426.178 9.782 1.0
31.54 -426.175 9.773 1.0
31.55 -426.169 9.766 2.0
31.579 -426.1740000000001 9.723 1.0
31.603 -426.167 9.733 4.0
31.63 -426.173 9.715 3.0
31.627 -426.175 9.727 1.0
31.622 -426.182 9.751 1.0
31.661 -426.182 9.742 1.0
31.585 -426.185 9.76 1.0
31.587 -426.173 9.758 3.0
31.588 -426.17 9.794 4.0
31.615 -426.173 9.803 3.0
31.646 -426.176 9.785 1.0
31.647000000000006 -426.171 9.804 1.0
31.567 -426.187 9.812 2.0
31.803 -426.189 9.701 4.0
32.155 -426.167 9.693 1.0
32.113 -426.161 9.703 1.0
32.308 -426.166 9.66 3.0
32.366 -426.17 9.673 2.0
32.389 -426.165 9.656 3.0
32.454 -426.161 9.689 4.0
31.691 -426.175 9.747 3.0
31.751 -426.173 9.711 2.0
31.746000000000006 -426.179 9.739 2.0
31.69 -426.176 9.793000000000003 2.0
31.757 -426.171 9.769 2.0
31.732 -426.178 9.794 2.0
31.764 -426.175 9.784 3.0
31.815 -426.182 9.722 3.0
31.832 -426.184 9.729 1.0
31.833 -426.18 9.729 2.0
31.814 -426.17 9.785 2.0
31.698 -426.164 9.779 1.0
31.838 -426.161 9.763 9.0
31.868000000000006 -426.171 9.753 1.0
31.952 -426.178 9.71 5.0
32.06 -426.176 9.748 1.0
32.011 -426.168 9.781 11.0
31.879 -426.163 9.754 1.0
31.918 -426.161 9.745 2.0
31.921 -426.163 9.747 1.0
31.958 -426.164 9.736 1.0
31.908 -426.16 9.768 2.0
31.892 -426.158 9.788 2.0
31.963 -426.155 9.794 12.0
31.995 -426.159 9.729 1.0
32.036 -426.1620000000001 9.72 1.0
31.981 -426.156 9.76 1.0
31.991 -426.1500000000001 9.767 1.0
31.98 -426.159 9.812 8.0
32.049 -426.161 9.775 4.0
32.051 -426.152 9.771 3.0
32.046 -426.152 9.805 5.0
32.094 -426.167 9.765 1.0
32.258 -426.169 9.732 1.0
32.264 -426.166 9.736 2.0
32.072 -426.158 9.713 1.0
32.114 -426.155 9.742 4.0
32.132 -426.16 9.744 4.0
32.160000000000004 -426.164 9.753 2.0
32.107 -426.163 9.761000000000003 2.0
32.178 -426.165 9.737 6.0
32.174 -426.164 9.75 1.0
32.21 -426.156 9.732 4.0
32.215 -426.165 9.741 1.0
32.208 -426.154 9.747 1.0
32.228 -426.158 9.726 5.0
32.182 -426.157 9.787 4.0
32.232 -426.155 9.765 2.0
32.263 -426.145 9.777000000000003 5.0
32.265 -426.145 9.8 6.0
32.22 -426.148 9.808 6.0
32.297000000000004 -426.166 9.725 1.0
32.368 -426.166 9.756 4.0
32.457 -426.169 9.763 1.0
32.307 -426.161 9.721 4.0
32.315 -426.164 9.729 3.0
32.322 -426.164 9.746 1.0
32.366 -426.165 9.738 1.0
32.277 -426.159 9.756 1.0
32.314 -426.1500000000001 9.768 2.0
32.311 -426.146 9.792 3.0
32.317 -426.16 9.77 3.0
32.363 -426.1620000000001 9.78 4.0
32.367 -426.165 9.721 1.0
32.402 -426.159 9.712 3.0
32.418 -426.163 9.714 1.0
32.448 -426.157 9.725 1.0
32.416000000000004 -426.164 9.749 1.0
32.449 -426.155 9.754 2.0
32.461 -426.155 9.744 1.0
32.382 -426.154 9.763 2.0
32.408 -426.16 9.773 2.0
32.386 -426.1620000000001 9.785 3.0
32.439 -426.161 9.776 2.0
32.502 -426.157 9.661 2.0
32.498 -426.164 9.701 2.0
32.618 -426.157 9.634 2.0
32.578 -426.1620000000001 9.701 1.0
32.593 -426.163 9.692 2.0
32.685 -426.145 9.684000000000003 3.0
32.781 -426.148 9.674 2.0
32.832 -426.165 9.691 3.0
32.877 -426.151 9.664 1.0
32.929 -426.156 9.682 3.0
33.028 -426.16 9.672 2.0
33.087 -426.146 9.705 1.0
33.199 -426.14 9.702 2.0
33.126 -426.16 9.662 2.0
33.151 -426.161 9.665 2.0
33.123 -426.146 9.698 1.0
33.254 -426.137 9.695 2.0
33.157000000000004 -426.143 9.692 1.0
32.508 -426.184 9.785 3.0
32.593 -426.167 9.772 2.0
32.62 -426.172 9.772 3.0
32.489 -426.151 9.719 1.0
32.508 -426.149 9.737 1.0
32.533 -426.157 9.71 1.0
32.535000000000004 -426.149 9.722 4.0
32.555 -426.148 9.73 2.0
32.499 -426.16 9.758 1.0
32.518 -426.165 9.744 2.0
32.544000000000004 -426.158 9.751 2.0
32.552 -426.159 9.777000000000003 3.0
32.607 -426.157 9.72 1.0
32.58 -426.148 9.739 1.0
32.586 -426.149 9.746 1.0
32.633 -426.148 9.712 3.0
32.653 -426.152 9.714 1.0
32.633 -426.155 9.737 1.0
32.612 -426.1500000000001 9.766 2.0
32.757 -426.166 9.752 2.0
32.674 -426.172 9.763 2.0
32.713 -426.181 9.762 3.0
32.809 -426.166 9.749 2.0
32.784 -426.184 9.769 4.0
32.681 -426.161 9.728 1.0
32.699 -426.148 9.708 1.0
32.669000000000004 -426.156 9.749 1.0
32.703 -426.152 9.731 3.0
32.755 -426.154 9.724 3.0
32.805 -426.143 9.754 5.0
32.845 -426.146 9.731 1.0
32.862 -426.147 9.745 4.0
32.834 -426.144 9.759 7.0
32.775 -426.152 9.863 4.0
32.873 -426.1500000000001 9.749 5.0
32.903 -426.159 9.737 2.0
32.926 -426.1500000000001 9.713 1.0
32.923 -426.156 9.731 1.0
32.915 -426.163 9.737 1.0
32.921 -426.154 9.737 7.0
32.949 -426.159 9.731 1.0
32.963 -426.1620000000001 9.765 3.0
32.89 -426.161 9.774 3.0
32.978 -426.158 9.728 3.0
32.980000000000004 -426.147 9.727 1.0
32.997 -426.156 9.725 3.0
33.018 -426.1500000000001 9.719 1.0
33.037 -426.154 9.755 2.0
33.038000000000004 -426.1500000000001 9.779 5.0
32.918 -426.167 9.85 4.0
33.09 -426.168 9.716000000000003 2.0
33.091 -426.158 9.713 2.0
33.111000000000004 -426.147 9.744 2.0
33.144 -426.147 9.708 2.0
33.088 -426.143 9.769 2.0
33.13 -426.14 9.766 2.0
33.183 -426.147 9.736 2.0
33.254 -426.159 9.729 1.0
33.255 -426.141 9.75 3.0
33.175 -426.159 9.776 8.0
33.21 -426.152 9.771 1.0
33.192 -426.14 9.758 2.0
33.415 -426.19 9.699 2.0
33.512 -426.148 9.633 4.0
33.788000000000004 -426.143 9.681 5.0
33.973 -426.17 9.668000000000003 4.0
33.878 -426.139 9.701 3.0
33.932 -426.134 9.705 1.0
33.964 -426.155 9.703 0.0
34.007 -426.144 9.705 2.0
33.978 -426.137 9.691 3.0
33.972 -426.1380000000001 9.698 1.0
33.423 -426.175 9.706 3.0
33.327 -426.158 9.72 2.0
33.361000000000004 -426.152 9.743 0.0
33.315 -426.134 9.743 2.0
33.398 -426.149 9.737 2.0
33.378 -426.135 9.736 2.0
33.435 -426.147 9.731 2.0
33.381 -426.149 9.787 6.0
33.439 -426.14 9.766 3.0
33.454 -426.139 9.78 3.0
33.646 -426.173 9.797 4.0
33.473 -426.148 9.723 2.0
33.51 -426.1500000000001 9.716000000000003 1.0
33.502 -426.1380000000001 9.72 2.0
33.505 -426.14 9.758 2.0
33.53 -426.144 9.77 3.0
33.572 -426.135 9.748 2.0
33.618 -426.143 9.755 1.0
33.661 -426.156 9.745 1.0
33.637 -426.149 9.772 4.0
33.739 -426.1500000000001 9.733 2.0
33.68 -426.147 9.753 3.0
33.754 -426.149 9.744 2.0
33.699 -426.147 9.74 1.0
33.692 -426.144 9.763 2.0
33.76 -426.144 9.76 2.0
33.768 -426.142 9.725 2.0
33.776 -426.141 9.729 1.0
33.777 -426.14 9.711 4.0
33.839 -426.143 9.723 3.0
33.835 -426.136 9.716000000000003 1.0
33.853 -426.136 9.718 2.0
33.827 -426.136 9.737 2.0
33.854 -426.136 9.739 2.0
33.819 -426.148 9.779 6.0
33.841 -426.155 9.786 5.0
33.837 -426.147 9.798 4.0
33.761 -426.157 9.808 2.0
33.895 -426.142 9.709 1.0
33.9 -426.142 9.709 1.0
33.901 -426.135 9.729 2.0
33.922000000000004 -426.137 9.715 4.0
33.87 -426.144 9.773 2.0
33.92 -426.135 9.768 3.0
33.918 -426.139 9.778 2.0
33.96 -426.139 9.772 2.0
33.912 -426.144 9.789 5.0
33.975 -426.134 9.72 1.0
34.015 -426.134 9.717 3.0
34.059 -426.134 9.719 3.0
34.023 -426.134 9.754 2.0
34.06 -426.1380000000001 9.734 3.0
34.004 -426.146 9.763 1.0
33.987 -426.146 9.78 5.0
33.971000000000004 -426.135 9.761000000000003 1.0
34.047000000000004 -426.146 9.757 1.0
34.011 -426.1380000000001 9.765 4.0
34.078 -426.136 9.681 4.0
34.091 -426.139 9.697 3.0
34.154 -426.1380000000001 9.657 4.0
34.179 -426.143 9.671 3.0
34.207 -426.145 9.703 3.0
34.177 -426.136 9.704 1.0
34.337 -426.13 9.644 3.0
34.26 -426.1500000000001 9.678 3.0
34.279 -426.139 9.661 3.0
34.341 -426.127 9.672 2.0
34.331 -426.141 9.703 2.0
34.378 -426.123 9.652000000000003 2.0
34.399 -426.146 9.695 3.0
34.426 -426.139 9.662 2.0
34.445 -426.1260000000001 9.704 3.0
34.494 -426.1140000000001 9.614 3.0
34.465 -426.134 9.689 3.0
34.467 -426.135 9.705 2.0
34.503 -426.131 9.696 2.0
34.596000000000004 -426.127 9.63 6.0
34.532000000000004 -426.135 9.681 2.0
34.591 -426.12 9.647 0.0
34.599000000000004 -426.128 9.674 2.0
34.72 -426.128 9.619 5.0
34.681 -426.135 9.693 6.0
34.834 -426.133 9.682 5.0
34.069 -426.131 9.709 3.0
34.076 -426.141 9.746 3.0
34.087 -426.1380000000001 9.753 2.0
34.129 -426.141 9.726 4.0
34.094 -426.143 9.756 3.0
34.119 -426.131 9.711 4.0
34.083 -426.139 9.756 2.0
34.062 -426.139 9.77 3.0
34.13 -426.142 9.745 3.0
34.133 -426.147 9.748 3.0
34.159 -426.143 9.736 3.0
34.127 -426.137 9.74 3.0
34.196 -426.141 9.718 3.0
34.179 -426.141 9.732 2.0
34.181 -426.143 9.742 3.0
34.207 -426.143 9.743 3.0
34.17 -426.134 9.741 1.0
34.161 -426.139 9.75 3.0
34.222 -426.14 9.727 3.0
34.253 -426.131 9.729 2.0
34.212 -426.135 9.734 1.0
34.228 -426.139 9.736 1.0
34.212 -426.133 9.752 3.0
34.251 -426.139 9.737 2.0
34.264 -426.145 9.71 4.0
34.278 -426.148 9.728 3.0
34.345 -426.148 9.729 4.0
34.273 -426.132 9.724 4.0
34.296 -426.136 9.722 1.0
34.262 -426.144 9.738 4.0
34.295 -426.136 9.732 3.0
34.287 -426.129 9.743 4.0
34.314 -426.145 9.795 8.0
34.331 -426.136 9.716000000000003 2.0
34.324 -426.137 9.724 2.0
34.374 -426.132 9.716000000000003 4.0
34.37 -426.13 9.719 2.0
34.383 -426.13 9.72 2.0
34.389 -426.137 9.709 2.0
34.362 -426.129 9.735 5.0
34.339 -426.133 9.726 2.0
34.419000000000004 -426.134 9.711 2.0
34.429 -426.135 9.713 2.0
34.365 -426.1380000000001 9.787 8.0
34.415 -426.142 9.781 4.0
34.436 -426.129 9.727 5.0
34.447 -426.146 9.797 4.0
34.539 -426.141 9.751 2.0
34.473 -426.132 9.707 3.0
34.47 -426.146 9.761000000000003 1.0
34.466 -426.131 9.771 1.0
34.516 -426.1380000000001 9.787 4.0
34.585 -426.14 9.712 1.0
34.572 -426.132 9.748 1.0
34.564 -426.127 9.752 0.0
34.587 -426.131 9.75 4.0
34.61 -426.144 9.738 4.0
34.616 -426.131 9.751 3.0
34.641 -426.128 9.738 2.0
34.642 -426.1380000000001 9.755 4.0
34.584 -426.1380000000001 9.779 4.0
34.653 -426.134 9.771 3.0
34.678 -426.137 9.729 3.0
34.665 -426.131 9.745 4.0
34.688 -426.1380000000001 9.739 4.0
34.713 -426.139 9.723 2.0
34.747 -426.134 9.719 2.0
34.716 -426.127 9.737 5.0
34.789 -426.141 9.728 5.0
34.782000000000004 -426.136 9.713 2.0
34.766 -426.122 9.73 5.0
34.79 -426.12 9.753 3.0
34.813 -426.119 9.712 2.0
34.815 -426.122 9.723 3.0
34.857 -426.13 9.747 5.0
34.823 -426.14 9.798 4.0
34.945 -426.139 9.579 4.0
34.966 -426.132 9.596 4.0
34.878 -426.118 9.702 5.0
34.987 -426.127 9.67 4.0
34.993 -426.129 9.705 4.0
35.046 -426.128 9.664 4.0
34.981 -426.116 9.692 4.0
35.094 -426.13 9.568 5.0
35.243 -426.121 9.557 5.0
35.122 -426.1260000000001 9.656 5.0
35.085 -426.13 9.68 5.0
35.084 -426.129 9.700000000000003 5.0
35.199 -426.125 9.647 3.0
35.17 -426.123 9.692 4.0
35.196 -426.12 9.681 1.0
35.186 -426.113 9.671 4.0
35.394 -426.137 9.545 5.0
35.274 -426.116 9.64 3.0
35.264 -426.117 9.68 4.0
35.289 -426.112 9.661 4.0
35.256 -426.11 9.684000000000003 3.0
35.341 -426.1020000000001 9.677 3.0
35.392 -426.103 9.652000000000003 4.0
35.421 -426.13 9.66 6.0
35.429 -426.113 9.667 4.0
35.602000000000004 -426.124 9.562 6.0
35.503 -426.111 9.616 2.0
35.517 -426.116 9.657 6.0
34.865 -426.121 9.716000000000003 2.0
34.914 -426.127 9.712 2.0
34.938 -426.129 9.722 5.0
34.926 -426.121 9.738 6.0
34.858000000000004 -426.13 9.791 4.0
34.863 -426.1260000000001 9.789 7.0
34.945 -426.124 9.78 4.0
34.952 -426.142 9.785 5.0
34.919000000000004 -426.121 9.781 5.0
34.963 -426.13 9.706 0.0
34.994 -426.119 9.73 5.0
35.036 -426.143 9.713 3.0
34.996 -426.115 9.71 3.0
34.974000000000004 -426.127 9.775 3.0
35.031 -426.134 9.773 4.0
35.021 -426.133 9.793000000000003 4.0
35.062 -426.118 9.722 5.0
35.099000000000004 -426.13 9.751 2.0
35.137 -426.134 9.744 7.0
35.061 -426.127 9.757 2.0
35.081 -426.123 9.77 5.0
35.087 -426.132 9.791 5.0
35.118 -426.124 9.762 5.0
35.152 -426.1380000000001 9.779 6.0
35.155 -426.122 9.793000000000003 5.0
35.173 -426.129 9.74 2.0
35.204 -426.121 9.752 6.0
35.209 -426.122 9.737 1.0
35.245 -426.1140000000001 9.734 1.0
35.164 -426.13 9.782 6.0
35.201 -426.12 9.793000000000003 9.0
35.209 -426.124 9.757 6.0
35.242 -426.119 9.772 6.0
35.217 -426.124 9.786 5.0
35.284 -426.122 9.726 3.0
35.337 -426.121 9.743 6.0
35.319 -426.111 9.724 3.0
35.35 -426.11 9.748 6.0
35.319 -426.128 9.766 5.0
35.328 -426.118 9.779 5.0
35.284 -426.127 9.764 7.0
35.302 -426.115 9.777000000000003 4.0
35.358000000000004 -426.122 9.716000000000003 2.0
35.415 -426.127 9.75 6.0
35.405 -426.117 9.74 3.0
35.394 -426.111 9.714 2.0
35.384 -426.11 9.744 3.0
35.397 -426.113 9.755 6.0
35.431 -426.116 9.707 2.0
35.361000000000004 -426.147 9.798 5.0
35.285000000000004 -426.151 9.807 3.0
35.442 -426.115 9.762 3.0
35.454 -426.1140000000001 9.766 3.0
35.474000000000004 -426.119 9.714 2.0
35.458 -426.118 9.734 3.0
35.473 -426.122 9.748 8.0
35.541000000000004 -426.122 9.732 5.0
35.546 -426.127 9.737 5.0
35.51 -426.11 9.729 5.0
35.511 -426.111 9.755 5.0
35.458 -426.123 9.762 6.0
35.551 -426.1140000000001 9.739 7.0
35.517 -426.118 9.758 4.0
35.546 -426.133 9.783 6.0
35.54 -426.119 9.789 6.0
35.563 -426.103 9.724 3.0
35.587 -426.107 9.741 6.0
35.581 -426.111 9.747 3.0
35.598 -426.129 9.77 5.0
35.581 -426.124 9.782 10.0
35.588 -426.136 9.805 4.0
35.621 -426.121 9.778 3.0
35.616 -426.104 9.718 3.0
35.649 -426.103 9.734 5.0
35.642 -426.103 9.746 4.0
35.588 -426.124 9.825000000000003 7.0
30.12 -426.167 10.424 1.0
30.152 -426.158 10.428 1.0
30.202 -426.157 10.417 2.0
30.236 -426.161 10.436 1.0
30.697 -426.185 10.403 1.0
30.85 -426.168 10.403 1.0
30.79 -426.163 10.412 3.0
30.805 -426.165 10.409 2.0
31.6 -426.141 10.374 1.0
31.698 -426.193 10.401 3.0
31.787 -426.155 10.39 4.0
31.793 -426.1380000000001 10.398 2.0
31.843 -426.144 10.387 1.0
31.892 -426.142 10.373 1.0
31.966 -426.159 10.381 2.0
31.970000000000002 -426.146 10.367 1.0
32.115 -426.1380000000001 10.342 0.0
32.101 -426.158 10.355 1.0
32.866 -426.172 10.391 3.0
33.214 -426.169 10.402000000000003 1.0
33.257 -426.129 10.348 1.0
33.198 -426.14 10.36 2.0
33.627 -426.108 10.289 2.0
33.44 -426.122 10.355 1.0
33.6 -426.165 10.356 2.0
33.792 -426.108 10.335 2.0
33.96 -426.146 10.37 4.0
33.988 -426.121 10.329 2.0
34.038000000000004 -426.143 10.361 4.0
34.072 -426.118 10.279 3.0
34.12 -426.148 10.377 5.0
34.208 -426.137 10.365 5.0
34.298 -426.156 10.366 3.0
34.832 -426.113 10.282 2.0
34.598 -426.122 10.355 5.0
34.657000000000004 -426.122 10.348 4.0
34.694 -426.123 10.38 2.0
34.759 -426.122 10.372 4.0
34.838 -426.118 10.374 2.0
35.037 -426.096 10.263 3.0
34.955 -426.115 10.347 3.0
34.89 -426.112 10.354 5.0
35.052 -426.113 10.35 3.0
35.194 -426.117 10.335 1.0
35.186 -426.13 10.363 3.0
35.653 -426.119 10.364 3.0
35.93 -426.124 9.6 3.0
35.723 -426.106 9.705 4.0
35.909 -426.111 9.675 4.0
36.039 -426.104 9.663 5.0
36.009 -426.113 9.698 7.0
36.311 -426.088 9.555 5.0
36.418 -426.119 9.563 5.0
36.264 -426.104 9.685 5.0
36.427 -426.107 9.628 6.0
36.37 -426.1020000000001 9.675 4.0
35.669000000000004 -426.105 9.712 4.0
35.697 -426.106 9.721 5.0
35.71 -426.107 9.728 4.0
35.705 -426.108 9.739 3.0
35.719 -426.104 9.733 4.0
35.771 -426.119 9.724 1.0
35.789 -426.108 9.724 5.0
35.768 -426.101 9.733 3.0
35.767 -426.124 9.784 6.0
35.819 -426.105 9.756 2.0
35.775 -426.099 9.701 5.0
35.86 -426.111 9.75 7.0
35.898 -426.101 9.747 8.0
35.939 -426.107 9.741 8.0
36.092 -426.1140000000001 9.588 4.0
35.856 -426.115 9.774 7.0
35.892 -426.106 9.767 3.0
35.885 -426.111 9.799 8.0
36.165 -426.107 9.687 6.0
36.035 -426.117 9.756 7.0
35.984 -426.1140000000001 9.768 4.0
35.984 -426.107 9.786 6.0
36.009 -426.106 9.765 6.0
36.027 -426.113 9.763 6.0
36.012 -426.103 9.77 5.0
36.019 -426.112 9.8 5.0
36.321 -426.1020000000001 9.676 4.0
36.071 -426.12 9.747 5.0
36.069 -426.118 9.793000000000003 6.0
36.07 -426.115 9.757 5.0
36.072 -426.101 9.764 4.0
36.063 -426.105 9.778 5.0
36.088 -426.107 9.777000000000003 4.0
35.661 -426.122 9.772 6.0
35.702 -426.117 9.757 6.0
35.678 -426.128 9.794 6.0
35.7 -426.116 9.769 4.0
36.143 -426.1020000000001 9.77 2.0
36.146 -426.099 9.768 6.0
35.806 -426.12 9.746 5.0
36.16 -426.11 9.74 4.0
36.155 -426.105 9.75 2.0
35.853 -426.111 9.71 6.0
35.831 -426.1020000000001 9.726 2.0
35.746 -426.116 9.809000000000003 3.0
35.779 -426.103 9.762 2.0
35.802 -426.113 9.775 2.0
36.228 -426.119 9.759 4.0
36.216 -426.098 9.78 2.0
36.239 -426.116 9.778 5.0
36.302 -426.104 9.728 1.0
36.181 -426.113 9.765 5.0
36.274 -426.111 9.755 2.0
36.283 -426.098 9.736 7.0
36.168 -426.115 9.782 3.0
36.266 -426.105 9.773 2.0
36.29 -426.11 9.805 5.0
35.945 -426.118 9.765 6.0
36.369 -426.101 9.725 8.0
36.315 -426.1 9.768 5.0
36.365 -426.101 9.747 2.0
36.349 -426.1140000000001 9.766 4.0
36.322 -426.116 9.802 5.0
35.941 -426.116 9.773 7.0
35.905 -426.1140000000001 9.793000000000003 7.0
35.938 -426.106 9.792 7.0
36.428 -426.108 9.713 6.0
36.411 -426.08500000000004 9.724 6.0
36.411 -426.09700000000004 9.742 5.0
35.989 -426.118 9.789 5.0
36.364 -426.092 9.764 8.0
36.36100000000001 -426.112 9.799 5.0
36.38 -426.106 9.794 5.0
36.34 -426.111 9.812 5.0
36.476 -426.101 9.665 5.0
36.112 -426.11 9.754 6.0
36.124 -426.116 9.747 6.0
36.135 -426.118 9.77 8.0
36.119 -426.121 9.787 9.0
36.692 -426.168 9.704 5.0
36.695 -426.082 9.69 3.0
36.213 -426.1140000000001 9.738 3.0
36.905 -426.094 9.527000000000003 4.0
36.223 -426.106 9.743 4.0
36.24 -426.095 9.742 2.0
36.249 -426.088 9.747 5.0
36.454 -426.081 9.72 5.0
36.457 -426.096 9.737 10.0
36.459 -426.108 9.754 4.0
36.463 -426.091 9.754 9.0
36.219 -426.124 9.815 5.0
36.517 -426.095 9.706 7.0
36.549 -426.096 9.727 9.0
36.503 -426.092 9.733 11.0
36.496 -426.09700000000004 9.781 5.0
36.339 -426.11 9.722 5.0
36.33 -426.088 9.729 2.0
36.319 -426.106 9.751 4.0
36.502 -426.103 9.784 4.0
36.533 -426.1 9.791 5.0
36.561 -426.088 9.723 1.0
36.326 -426.09 9.733 8.0
36.568 -426.101 9.742 9.0
36.573 -426.09700000000004 9.776 4.0
36.613 -426.096 9.769 3.0
36.643 -426.094 9.769 6.0
36.62 -426.098 9.783 3.0
36.678 -426.093 9.729 4.0
36.656 -426.107 9.777000000000003 2.0
36.67 -426.082 9.76 6.0
36.673 -426.112 9.789 5.0
36.414 -426.087 9.76 8.0
36.404 -426.10900000000004 9.805 5.0
36.431 -426.11 9.792 5.0
36.438 -426.096 9.786 8.0
36.784 -426.087 9.755 7.0
36.786 -426.072 9.747 10.0
36.844 -426.072 9.741 6.0
36.765 -426.105 9.765 7.0
36.753 -426.105 9.78 5.0
36.788 -426.096 9.769 4.0
36.844 -426.096 9.764 4.0
36.832 -426.09700000000004 9.772 6.0
36.82 -426.136 9.813 4.0
36.855 -426.075 9.746 4.0
36.872 -426.093 9.757 2.0
36.9 -426.09700000000004 9.758 4.0
37.013 -426.101 9.53 5.0
36.913 -426.105 9.766 7.0
37.011 -426.087 9.748 7.0
37.016 -426.084 9.744 28.0
37.046 -426.128 9.788 5.0
37.028 -426.116 9.789 4.0
36.593 -426.119 9.798 5.0
37.124 -426.082 9.733 13.0
37.076 -426.096 9.758 3.0
37.123 -426.078 9.738 12.0
36.728 -426.079 9.754 8.0
36.73300000000001 -426.099 9.774 7.0
36.714 -426.086 9.761000000000003 7.0
37.234 -426.07 9.729 10.0
37.232 -426.087 9.734 1.0
37.155 -426.1 9.78 4.0
37.168 -426.099 9.772 5.0
37.155 -426.09700000000004 9.789 4.0
37.221 -426.094 9.774 5.0
37.216 -426.082 9.759 4.0
37.228 -426.098 9.781 4.0
37.79400000000001 -426.087 9.64 7.0
36.944 -426.092 9.749 5.0
36.902 -426.076 9.737 5.0
36.908 -426.087 9.754 5.0
36.918 -426.077 9.749 5.0
37.863 -426.0490000000001 9.701 4.0
37.286 -426.092 9.768 5.0
36.956 -426.09 9.753 4.0
36.98 -426.083 9.748 12.0
37.403 -426.087 9.728 6.0
37.401 -426.081 9.742 5.0
37.418 -426.091 9.755 5.0
37.448 -426.075 9.74 4.0
37.399 -426.098 9.785 5.0
37.301 -426.08500000000004 9.829 4.0
37.34 -426.091 9.824 3.0
36.98300000000001 -426.101 9.763 5.0
36.992 -426.101 9.758 5.0
37.38 -426.106 9.816 5.0
37.41900000000001 -426.105 9.812 9.0
37.052 -426.086 9.739 27.0
37.067 -426.077 9.744 9.0
37.088 -426.08 9.737 17.0
37.493 -426.067 9.734 6.0
37.484 -426.082 9.75 6.0
37.512 -426.08500000000004 9.718 8.0
37.517 -426.07 9.755 8.0
37.523 -426.075 9.736 5.0
37.537 -426.095 9.804 5.0
37.529 -426.081 9.786 6.0
37.152 -426.08 9.74 3.0
37.16 -426.069 9.733 3.0
37.179 -426.08 9.733 13.0
37.185 -426.08 9.749 5.0
37.621 -426.067 9.709 7.0
37.615 -426.075 9.738 11.0
37.615 -426.086 9.798 2.0
37.232 -426.063 9.728 9.0
37.458 -426.108 9.808 7.0
37.506 -426.105 9.852 3.0
37.539 -426.091 9.834 6.0
37.818 -426.089 9.626 6.0
37.268 -426.0610000000001 9.724 9.0
37.29 -426.06 9.725 8.0
37.309 -426.084 9.75 4.0
37.327 -426.089 9.748 5.0
37.308 -426.093 9.757 5.0
37.30000000000001 -426.084 9.776 6.0
37.306 -426.096 9.794 5.0
37.341 -426.055 9.719 3.0
37.346 -426.054 9.72 4.0
37.352 -426.08500000000004 9.762 4.0
37.678 -426.072 9.716000000000003 8.0
37.681 -426.078 9.731 8.0
37.73300000000001 -426.078 9.789 5.0
37.812 -426.082 9.781 5.0
37.778 -426.106 9.805 5.0
37.773 -426.074 9.787 7.0
37.491 -426.104 9.778 4.0
37.497 -426.103 9.805 6.0
37.703 -426.077 9.816 5.0
37.727 -426.09 9.83 4.0
37.549 -426.08 9.744 11.0
37.787 -426.112 9.821 5.0
37.583 -426.09 9.767 5.0
37.576 -426.09 9.801 2.0
37.851 -426.075 9.78 6.0
37.859 -426.087 9.792 6.0
37.868 -426.078 9.803 3.0
38.017 -426.084 9.778 3.0
38.031 -426.067 9.776 3.0
38.021 -426.07 9.802 5.0
37.874 -426.088 9.818 3.0
37.884 -426.111 9.856 4.0
37.969 -426.084 9.817 4.0
37.967 -426.1 9.847 5.0
38.011 -426.093 9.812 2.0
38.026 -426.11 9.871 2.0
38.113 -426.079 9.767 4.0
38.122 -426.077 9.77 2.0
38.135 -426.1020000000001 9.787 6.0
38.139 -426.084 9.802 5.0
38.196 -426.067 9.76 5.0
38.225 -426.083 9.795 2.0
37.67500000000001 -426.096 9.759 4.0
37.661 -426.08 9.774 8.0
37.694 -426.08500000000004 9.791 5.0
38.055 -426.101 9.818 5.0
38.054 -426.086 9.81 4.0
38.072 -426.089 9.829 4.0
38.05000000000001 -426.096 9.839 5.0
38.14 -426.09700000000004 9.826 3.0
37.795 -426.175 9.866 4.0
38.097 -426.083 9.806 4.0
38.132 -426.104 9.835 5.0
38.134 -426.104 9.834 4.0
38.174 -426.1 9.808 6.0
37.649 -426.087 9.823 5.0
37.653 -426.096 9.838 5.0
37.801 -426.095 9.825000000000003 4.0
38.31 -426.078 9.789 5.0
38.354 -426.072 9.787 5.0
37.912 -426.087 9.788 7.0
37.923 -426.075 9.798 3.0
37.948 -426.079 9.782 5.0
37.964 -426.087 9.783 4.0
38.411 -426.079 9.784 3.0
38.396 -426.07 9.784 5.0
38.41 -426.08 9.802 3.0
38.439 -426.068 9.781 6.0
37.936 -426.104 9.83 5.0
37.937 -426.099 9.842 5.0
38.291 -426.094 9.819 5.0
38.274 -426.081 9.812 3.0
38.27 -426.098 9.846 4.0
38.258 -426.089 9.852 4.0
37.719 -426.066 9.723 5.0
38.299 -426.08 9.816 4.0
38.343 -426.089 9.808 3.0
38.322 -426.081 9.824 4.0
38.306 -426.083 9.832 5.0
38.367 -426.09 9.817 3.0
38.381 -426.071 9.807 4.0
38.392 -426.093 9.834 4.0
38.36400000000001 -426.08 9.853 3.0
38.379 -426.077 9.84 3.0
37.879 -426.052 9.716000000000003 2.0
38.219 -426.06 9.747 3.0
38.07 -426.07300000000004 9.776 2.0
38.088 -426.069 9.784 6.0
38.17500000000001 -426.066 9.767 4.0
38.182 -426.089 9.798 3.0
38.278 -426.063 9.753 7.0
38.444 -426.0610000000001 9.727 4.0
38.39 -426.065 9.772 0.0
38.531 -426.09 9.774 1.0
38.207 -426.08500000000004 9.818 3.0
38.216 -426.084 9.823 4.0
38.578 -426.07300000000004 9.735 3.0
38.599 -426.077 9.801 1.0
38.25 -426.081 9.773 3.0
38.631 -426.072 9.787 3.0
38.28 -426.072 9.757 6.0
38.293 -426.092 9.796 5.0
38.268 -426.072 9.794 5.0
38.462 -426.083 9.843 3.0
38.564 -426.071 9.825000000000003 2.0
38.561 -426.079 9.836 2.0
38.635 -426.082 9.81 5.0
38.645 -426.072 9.798 4.0
38.691 -426.071 9.795 3.0
38.784 -426.069 9.788 5.0
38.759 -426.07 9.821 4.0
38.823 -426.072 9.834 6.0
38.413 -426.092 9.813 4.0
38.625 -426.066 9.819 4.0
38.228 -426.063 9.763 7.0
38.81 -426.065 9.806 2.0
39.018 -426.055 9.682 4.0
38.806 -426.064 9.819 5.0
38.809 -426.065 9.818 4.0
39.013 -426.068 9.799 5.0
38.482 -426.067 9.778 5.0
38.465 -426.082 9.802 5.0
38.477 -426.075 9.796 4.0
39.053 -426.08 9.872 4.0
39.13 -426.077 9.866 4.0
38.545 -426.07 9.79 3.0
38.549 -426.08500000000004 9.796 3.0
38.552 -426.083 9.803 2.0
38.878 -426.056 9.783 2.0
38.505 -426.088 9.806 3.0
38.514 -426.088 9.822 5.0
38.511 -426.08500000000004 9.839 3.0
39.033 -426.054 9.741 4.0
38.86 -426.057 9.815 2.0
38.875 -426.059 9.813 3.0
38.884 -426.059 9.83 3.0
38.737 -426.078 9.789 5.0
38.73 -426.068 9.721 6.0
38.803 -426.077 9.785 5.0
38.83 -426.068 9.784 2.0
38.945 -426.057 9.807 5.0
38.709 -426.079 9.823 5.0
39.002 -426.057 9.82 8.0
39.084 -426.052 9.795 5.0
38.654 -426.066 9.729 4.0
38.806 -426.062 9.715 6.0
38.747 -426.055 9.808 3.0
38.852 -426.072 9.694 4.0
39.313 -426.084 9.854 3.0
39.29700000000001 -426.082 9.857 4.0
39.397 -426.07 9.846 5.0
39.411 -426.072 9.843 4.0
39.439 -426.067 9.842 3.0
39.196 -426.089 9.867 4.0
39.208 -426.086 9.862 3.0
39.214 -426.084 9.862 3.0
39.214 -426.087 9.874 3.0
38.924 -426.059 9.779 5.0
38.932 -426.057 9.795 1.0
39.342 -426.065 9.786 4.0
38.994 -426.058 9.791 1.0
39.384 -426.06 9.856 5.0
39.441 -426.065 9.891 6.0
39.541 -426.028 9.78 0.0
39.505 -426.062 9.853 2.0
39.516 -426.059 9.835 8.0
39.5 -426.065 9.887 6.0
39.509 -426.063 9.891 3.0
39.562 -426.064 9.848 3.0
39.559 -426.0610000000001 9.883 5.0
39.588 -426.064 9.884 5.0
39.624 -426.064 9.897 2.0
39.605 -426.067 9.924 1.0
39.663 -426.07300000000004 9.892 1.0
39.785 -426.069 9.887 3.0
39.824 -426.076 9.883 1.0
39.285 -426.078 9.855 2.0
39.79 -426.035 9.746 4.0
39.701 -426.057 9.818 2.0
39.731 -426.064 9.835 4.0
39.36100000000001 -426.067 9.848 6.0
39.749 -426.06 9.819 0.0
39.788 -426.058 9.832 2.0
39.795 -426.054 9.868 2.0
39.847 -426.045 9.83 2.0
39.256 -426.0610000000001 9.794 6.0
39.242 -426.041 9.803 4.0
39.902 -426.055 9.824 3.0
39.959 -426.05 9.821 1.0
39.972 -426.046 9.857 2.0
39.949 -426.062 9.881 3.0
40.033 -426.053 9.88 2.0
39.992 -426.054 9.882 1.0
39.999 -426.063 9.9 2.0
39.515 -426.045 9.773 4.0
39.471 -426.06 9.849 3.0
39.449 -426.065 9.856 2.0
39.83 -426.076 9.92 3.0
39.607 -426.056 9.824 1.0
39.619 -426.057 9.845 2.0
39.875 -426.071 9.932 3.0
39.462 -426.067 9.905 1.0
39.671 -426.066 9.92 3.0
39.866 -426.059 9.907 6.0
39.654 -426.055 9.788 6.0
39.676 -426.055 9.841000000000003 4.0
39.677 -426.06 9.876 4.0
40.066 -426.042 9.79 5.0
40.073 -426.053 9.878 2.0
39.908 -426.064 9.734 5.0
40.153 -426.056 9.851 3.0
39.963 -426.048 9.799 4.0
40.155 -426.057 9.874 1.0
40.196 -426.057 9.872 1.0
40.234 -426.046 9.882 4.0
40.30000000000001 -426.046 9.877 3.0
40.407 -426.057 9.85 2.0
40.032 -426.048 9.855 2.0
40.404 -426.048 9.867 1.0
40.162 -426.059 9.913 3.0
40.325 -426.038 9.906 3.0
40.384 -426.031 9.983 4.0
40.488 -426.043 9.865 3.0
40.501 -426.044 9.861 3.0
39.73600000000001 -426.065 9.916 5.0
40.546 -426.032 9.888 2.0
40.551 -426.029 9.9 4.0
40.618 -426.044 9.88 3.0
40.097 -426.039 9.73 6.0
40.769 -426.04 9.821 1.0
40.771 -426.03 9.842 2.0
40.766 -426.0370000000001 9.885 2.0
40.817 -426.068 9.928 2.0
40.093 -426.054 9.853 2.0
40.443 -426.024 9.908 3.0
40.605 -426.033 9.913 4.0
40.212 -426.053 9.847 2.0
40.649 -426.038 9.91 3.0
40.738 -426.041 9.905 2.0
40.23900000000001 -426.046 9.874 1.0
40.259 -426.047 9.882 2.0
40.367 -426.0490000000001 9.871 3.0
40.36400000000001 -426.044 9.869 1.0
40.931 -426.03 9.877 1.0
40.918 -426.042 9.898 1.0
40.971 -426.041 9.825000000000003 0.0
40.988 -426.032 9.851 1.0
40.473 -426.029 9.895 3.0
40.98300000000001 -426.044 9.871 1.0
40.964 -426.0370000000001 9.898 1.0
41.01 -426.036 9.896 1.0
40.635 -426.045 9.851 3.0
41.097 -426.024 9.837 4.0
41.093 -426.04 9.865 2.0
41.11 -426.04 9.897 1.0
41.101 -426.034 9.894 1.0
40.67800000000001 -426.044 9.828 2.0
41.15 -426.031 9.864 1.0
41.144 -426.044 9.89 1.0
40.712 -426.036 9.889 3.0
40.836 -426.047 9.835 1.0
40.821 -426.035 9.882 1.0
40.829 -426.038 9.903 1.0
40.878 -426.055 9.972 4.0
40.561 -426.032 9.915 5.0
40.695 -426.032 9.909 2.0
41.033 -426.03 9.93 3.0
40.96 -426.026 9.97 5.0
40.802 -426.054 9.962 3.0
41.0 -426.014 9.978 5.0
41.06 -426.0490000000001 9.91 2.0
41.082 -426.029 9.928 2.0
41.058 -426.032 9.938 3.0
40.841 -426.03 9.863 2.0
40.876 -426.032 9.88 2.0
40.872 -426.043 9.899 1.0
41.064 -426.023 9.965 4.0
41.113 -426.033 9.96 3.0
41.063 -426.016 9.973 5.0
41.17800000000001 -426.034 9.922 1.0
41.14 -426.0370000000001 9.948 3.0
41.191 -426.02 9.963 3.0
41.261 -426.022 9.856 3.0
41.23600000000001 -426.043 9.887 1.0
41.284 -426.035 9.887 1.0
41.061 -426.0370000000001 9.844 0.0
41.308 -426.055 9.897 1.0
41.038 -426.042 9.868 3.0
41.054 -426.042 9.893 1.0
41.523 -426.04 9.799 2.0
41.374 -426.039 9.884 1.0
41.225 -426.053 9.901 1.0
41.192 -426.036 9.89 1.0
41.319 -426.048 9.919 3.0
41.323 -426.04 9.915 1.0
41.32 -426.0370000000001 9.949 1.0
41.319 -426.029 9.953 2.0
41.255 -426.026 9.958 3.0
41.421 -426.04 9.911 1.0
41.4 -426.011 9.952 2.0
40.895 -426.047 9.919 1.0
40.931 -426.0490000000001 9.951 4.0
41.449 -426.0490000000001 9.909 1.0
41.469 -426.043 9.908 2.0
41.45 -426.019 9.945 2.0
41.479 -426.0250000000001 9.944 2.0
41.513 -426.026 9.94 3.0
41.53 -426.028 9.941 2.0
40.978 -426.05 9.915 2.0
40.937 -426.029 9.934000000000003 6.0
40.984 -426.031 9.932 5.0
41.554 -426.0250000000001 9.921 3.0
41.581 -426.036 9.936 3.0
41.579 -426.022 9.936 2.0
41.568 -426.016 9.938 3.0
41.616 -426.009 9.907 3.0
41.724 -426.031 9.814 3.0
41.128 -426.039 9.923 3.0
41.645 -425.994 9.825000000000003 3.0
41.695 -425.996 9.903 4.0
41.73300000000001 -426.015 9.884 2.0
41.128 -426.014 9.969 4.0
41.189 -426.038 9.929 3.0
41.226 -426.0370000000001 9.92 1.0
41.216 -426.038 9.954 1.0
41.165 -426.036 9.957 2.0
41.812 -426.01 9.887 3.0
41.895 -426.0130000000001 9.897 2.0
41.926 -426.012 9.882 2.0
41.423 -426.032 9.884 4.0
41.469 -426.032 9.883 2.0
41.274 -426.04 9.917 2.0
41.261 -426.043 9.94 3.0
41.374 -426.032 9.915 1.0
41.372 -426.036 9.946 1.0
41.384 -426.024 9.949 2.0
41.724 -426.0250000000001 9.909 3.0
41.72 -426.044 9.967 3.0
41.711 -426.027 9.956 2.0
41.732 -426.029 9.997 5.0
41.741 -426.027 9.931 1.0
41.82 -426.022 9.917 2.0
41.589 -426.041 9.918000000000003 2.0
41.633 -426.0370000000001 9.934000000000003 1.0
41.81 -426.01 9.950000000000003 4.0
41.685 -426.0490000000001 10.013 0.0
41.904 -426.022 9.911 2.0
41.906 -426.018 9.941 3.0
41.853 -426.005 9.948 3.0
41.903 -426.009 9.947 3.0
42.005 -426.014 9.933 3.0
41.966 -426.0370000000001 10.0 5.0
41.907 -425.995 9.803 4.0
42.014 -426.003 9.955 1.0
41.849 -426.012 9.888 3.0
41.93 -426.029 10.016 7.0
41.67200000000001 -426.023 9.906 1.0
41.659 -426.044 10.003 4.0
41.738 -426.007 9.926 2.0
41.81 -426.033 9.994 2.0
41.758 -426.056 10.012 3.0
41.759 -426.052 10.006 2.0
41.896 -426.041 10.004 5.0
41.963 -426.009 9.939 3.0
42.014 -426.018 9.955 2.0
41.867 -426.0370000000001 10.02 6.0
35.671 -426.123 10.356 3.0
35.836 -426.08500000000004 10.312 5.0
35.831 -426.111 10.337 2.0
35.861000000000004 -426.122 10.342 2.0
36.623 -426.084 10.356 2.0
36.73300000000001 -426.088 10.351 3.0
36.756 -426.074 10.349 4.0
37.084 -426.067 10.294 3.0
36.94 -426.087 10.335 1.0
36.98300000000001 -426.077 10.355 1.0
37.167 -426.088 10.339 2.0
37.64 -426.056 10.261000000000003 3.0
37.26 -426.091 10.331 1.0
37.263 -426.042 10.331 5.0
37.761 -426.071 10.297 3.0
37.715 -426.05 10.254 3.0
37.756 -426.083 10.346 2.0
38.191 -426.06 10.321 3.0
35.724000000000004 -426.081 10.324 5.0
38.278 -426.047 10.317 4.0
38.98600000000001 -426.074 10.355 4.0
36.562 -426.095 10.349 1.0
39.09 -426.107 10.341000000000003 2.0
36.659 -426.083 10.357000000000003 4.0
39.115 -426.069 10.345 2.0
36.878 -426.087 10.341000000000003 2.0
38.854 -426.063 10.361 6.0
39.557 -426.032 10.279 2.0
39.357 -426.098 10.343 2.0
39.359 -426.08500000000004 10.346 2.0
39.427 -426.067 10.357000000000003 3.0
37.59 -426.08 10.36 1.0
39.515 -426.074 10.352 3.0
39.367 -426.043 10.362 2.0
39.416 -426.044 10.358 5.0
39.466 -426.0490000000001 10.353 3.0
39.696 -426.069 10.366 4.0
38.993 -426.082 10.345 3.0
39.718 -426.0370000000001 10.339 2.0
39.768 -426.035 10.336 0.0
39.839 -426.063 10.356 3.0
40.225 -426.026 10.332 1.0
40.366 -426.0610000000001 10.35 3.0
38.872 -426.04 10.328 1.0
40.373 -426.016 10.321 1.0
40.583 -426.098 10.347 2.0
39.049 -426.064 10.348 3.0
39.238 -426.062 10.348 3.0
40.727 -426.038 10.33 1.0
40.654 -426.018 10.369 2.0
39.316 -426.046 10.365 2.0
40.73900000000001 -426.039 10.318 2.0
40.781 -426.019 10.359 2.0
41.09 -426.0130000000001 10.303 2.0
39.673 -426.034 10.31 2.0
39.667 -426.043 10.341000000000003 1.0
39.767 -426.06 10.359 4.0
40.845 -426.024 10.354 1.0
40.921 -426.036 10.379 2.0
40.298 -426.029 10.325000000000003 1.0
40.998 -426.028 10.309000000000003 1.0
40.957 -426.06 10.37 4.0
40.397 -426.03 10.386000000000003 0.0
41.369 -426.014 10.343 2.0
41.433 -426.002 10.342 2.0
40.673 -426.066 10.327 2.0
40.819 -426.018 10.325000000000003 2.0
41.163 -425.99 10.277000000000003 1.0
40.909 -426.023 10.317 1.0
41.039 -426.0130000000001 10.342 0.0
41.136 -426.046 10.356 2.0
41.497 -425.993 10.339 2.0
42.088 -425.992 9.791 3.0
42.077 -425.995 9.9 1.0
42.396 -426.009 9.902000000000003 1.0
42.075 -425.997 9.93 2.0
42.074 -426.012 9.950000000000003 1.0
42.104 -426.002 9.927 2.0
42.088 -426.003 9.951 2.0
42.104 -426.02 9.992 4.0
42.12 -426.034 9.982000000000003 2.0
42.198 -426.027 9.916 2.0
42.138 -426.006 9.948 1.0
42.159 -426.008 9.946 1.0
42.184 -426.0130000000001 9.919 2.0
42.198 -426.015 9.943 1.0
42.231 -426.009 9.94 2.0
42.219 -426.042 9.969 4.0
42.196 -426.029 9.978 2.0
42.062 -426.032 10.013 4.0
42.26 -426.017 9.939 1.0
42.295 -426.01 9.91 2.0
42.302 -426.015 9.934000000000003 1.0
42.324 -426.012 9.936 4.0
42.277 -426.043 9.977 1.0
42.256 -426.052 9.994 0.0
42.321 -426.028 9.987 1.0
42.424 -426.016 9.911 3.0
42.35 -426.026 9.971 1.0
42.162 -426.006 9.865 2.0
42.451 -426.051 9.952 2.0
42.463 -426.024 9.981 2.0
42.449 -426.008 9.998 1.0
42.038 -426.016 9.981 1.0
42.621 -426.01 10.003 2.0
42.17800000000001 -426.031 9.992 2.0
42.565 -426.024 10.009 3.0
42.718 -426.02 9.996 2.0
42.74 -426.027 10.001 2.0
42.374 -426.0130000000001 9.93 2.0
42.826 -426.023 9.996 2.0
42.782 -426.0130000000001 9.993 1.0
42.802 -426.009 9.996 2.0
42.655 -426.033 10.006 2.0
42.391 -426.022 9.983 2.0
42.987 -425.999 9.99 1.0
42.878 -426.042 10.052 4.0
42.86400000000001 -426.036 10.055 4.0
42.497 -426.005 9.858 2.0
42.518 -425.9890000000001 9.93 1.0
42.953 -425.994 10.067 2.0
42.937 -425.973 10.071 1.0
42.518 -426.017 9.999 3.0
43.077 -425.9890000000001 9.984 4.0
42.586 -426.022 9.999 2.0
43.179 -425.985 9.976 2.0
43.112 -426.019 10.032 3.0
43.116 -426.002 10.054 1.0
43.23 -426.004 9.979 2.0
43.28 -425.992 9.967 2.0
43.231 -426.019 10.024 3.0
43.404 -426.024 10.075000000000003 3.0
43.494 -426.02 10.102 4.0
42.741 -426.0130000000001 9.997 1.0
43.585 -426.019 10.097 2.0
43.533 -426.005 10.078 5.0
42.914 -426.006 9.989 0.0
42.923 -426.01 9.99 1.0
43.618 -426.015 10.077 2.0
42.894 -426.019 10.009 3.0
43.642 -425.9890000000001 10.043000000000003 2.0
43.673 -426.009 10.091000000000003 2.0
43.784 -425.99 10.035 1.0
43.173 -425.992 9.984 4.0
43.772 -426.018 10.094 3.0
43.781 -426.006 10.07 2.0
43.78 -426.011 10.104 3.0
43.853 -425.997 10.03 1.0
43.873 -426.008 10.086 2.0
43.854 -426.0 10.082 2.0
43.398 -425.98400000000004 9.942 3.0
43.886 -426.012 10.098 4.0
43.947 -426.004 10.065 2.0
43.946 -426.0010000000001 10.078 2.0
44.071 -425.969 10.052 1.0
44.079 -426.006 10.074 2.0
44.10800000000001 -425.986 10.057 1.0
44.097 -426.006 10.084 2.0
44.149 -425.969 10.047 2.0
44.184 -425.98 10.081 1.0
44.101 -425.96000000000004 10.039 2.0
44.407 -425.971 10.051 2.0
43.688 -426.003 10.062 2.0
43.699 -426.009 10.073 1.0
43.755 -425.98400000000004 10.019 4.0
43.765 -426.01 10.088 2.0
43.927 -425.9890000000001 10.028 1.0
43.991 -425.978 10.056 2.0
44.038 -426.002 10.074 2.0
44.244 -425.982 10.079 1.0
44.368 -425.975 10.079 1.0
45.296 -425.965 10.101 5.0
42.242 -425.998 10.36 2.0
42.363 -425.991 10.356 2.0
42.60800000000001 -425.985 10.303 2.0
42.469 -426.003 10.313 2.0
42.618 -426.01 10.406 3.0
42.636 -426.014 10.392 4.0
42.883 -425.987 10.289 14.0
42.886 -425.971 10.281 5.0
42.851 -426.009 10.386000000000003 7.0
42.91 -426.009 10.382 1.0
43.219 -426.019 10.381 3.0
43.464 -426.015 10.111 3.0
43.366 -426.02 10.379 2.0
43.411 -426.027 10.387 1.0
44.062 -426.019 10.162 1.0
42.468 -426.029 10.415 3.0
42.666 -425.998 10.306 1.0
44.342 -425.994 10.155 7.0
44.257 -426.0130000000001 10.443 5.0
44.385 -425.993 10.432 2.0
44.484 -425.98400000000004 10.153 2.0
42.863 -425.952 10.294 2.0
44.477 -426.009 10.174 2.0
44.585 -425.97200000000004 10.153 1.0
44.60800000000001 -425.994 10.179 3.0
44.628 -425.976 10.151 1.0
42.999 -426.016 10.385 1.0
44.775 -425.975 10.151 2.0
44.758 -425.986 10.158 2.0
44.765 -425.99 10.177 1.0
44.693 -425.956 10.147 2.0
43.569 -426.029 10.107000000000003 5.0
44.729 -425.961 10.149 1.0
44.846 -425.969 10.15 2.0
44.407 -426.008 10.153 3.0
44.411 -425.982 10.153 6.0
44.999 -425.978 10.173 3.0
44.866 -425.963 10.183 2.0
44.197 -426.031 10.443 3.0
44.373 -426.019 10.435 2.0
44.552 -425.971 10.15 2.0
45.082 -425.985 10.174 2.0
45.076 -425.97200000000004 10.178 4.0
45.14 -425.976 10.142 2.0
45.146 -425.9770000000001 10.153 1.0
45.133 -425.974 10.178 2.0
45.158 -425.974 10.171 2.0
45.067 -425.966 10.15 2.0
44.659 -425.963 10.152000000000003 1.0
45.04400000000001 -425.966 10.182 1.0
45.14 -426.0010000000001 10.241 2.0
45.292 -425.968 10.152000000000003 1.0
45.326 -425.9770000000001 10.159 2.0
45.259 -425.956 10.16 2.0
45.254 -425.965 10.183 1.0
45.314 -425.963 10.168000000000003 1.0
45.349 -425.952 10.155 2.0
45.354 -425.954 10.185 1.0
44.92 -425.969 10.15 2.0
44.918 -425.973 10.172 2.0
45.221 -425.976 10.153 1.0
45.23600000000001 -425.97 10.17 1.0
45.224 -425.971 10.181 1.0
45.362 -425.958 10.097 2.0
45.392 -425.952 10.08 2.0
45.52 -425.956 10.085 1.0
45.445 -425.958 10.092 1.0
46.137 -425.971 10.092 2.0
46.149 -425.953 10.039 2.0
46.635 -425.955 9.877 255.0
46.743 -425.938 9.899 11.0
46.585 -425.947 9.993 2.0
46.609 -425.97 10.084 255.0
46.423 -425.93 10.02 2.0
46.46 -425.951 10.037 11.0
46.499 -425.946 10.007 6.0
46.588 -425.945 10.006 6.0
46.538 -425.966 10.066 2.0
46.667 -425.94 10.002 2.0
46.671 -425.933 10.003 1.0
46.625 -425.967 10.026 3.0
46.679 -425.976 10.064 20.0
46.683 -425.97200000000004 10.082 255.0
46.642 -425.925 10.007 10.0
46.31 -426.005 10.078 4.0
46.73900000000001 -425.956 10.006 1.0
46.716 -425.953 10.023 2.0
46.515 -425.973 9.991 162.0
46.824 -425.959 10.068 1.0
46.984 -425.931 10.013 1.0
46.542 -425.961 9.909 255.0
47.104 -425.921 9.972 2.0
47.113 -425.947 10.065 3.0
47.168 -425.96000000000004 10.033 0.0
47.157 -425.932 10.078 1.0
46.459 -425.971 10.088 255.0
47.235 -425.928 10.076 1.0
46.42800000000001 -425.928 10.094 3.0
47.336 -425.931 10.053 2.0
47.522 -425.916 10.067 1.0
47.591 -425.91 10.073 5.0
47.684 -425.893 9.933 2.0
47.795 -425.939 9.92 2.0
46.895 -425.957 10.069 1.0
46.89 -425.961 10.078 2.0
47.647 -425.917 10.006 1.0
47.123 -425.937 10.035 1.0
47.652 -425.905 10.015 2.0
47.223 -425.957 10.026 3.0
47.25 -425.949 10.011000000000003 5.0
47.241 -425.947 10.041 0.0
47.633 -425.889 10.089 1.0
47.73 -425.902 10.017 2.0
47.79700000000001 -425.895 10.018 4.0
47.376 -425.937 10.052 1.0
47.862 -425.898 10.021 2.0
48.123 -425.911 9.953 1.0
48.183 -425.906 9.946 2.0
47.514 -425.918 9.999 1.0
48.128 -425.894 10.03 5.0
48.28 -425.889 9.92 1.0
48.274 -425.916 9.950000000000003 2.0
48.352 -425.895 9.919 1.0
48.354 -425.904 9.950000000000003 2.0
47.709 -425.883 10.092 1.0
48.049 -425.917 9.949 1.0
48.195 -425.909 9.956 1.0
48.056000000000004 -425.908 10.03 6.0
48.219 -425.909 10.037 0.0
45.37 -425.974 10.154 1.0
45.433 -425.97 10.147 1.0
45.447 -425.9770000000001 10.155 1.0
45.482 -425.979 10.171 1.0
45.517 -425.964 10.153 1.0
45.398 -425.973 10.17 1.0
45.371 -425.967 10.184000000000003 2.0
45.411 -425.964 10.183 1.0
45.537 -425.987 10.183 0.0
46.11 -425.976 10.134 1.0
46.094 -425.97200000000004 10.187 1.0
46.209 -425.97 10.164 2.0
46.215 -425.982 10.186 1.0
46.291 -425.969 10.145 4.0
46.222 -425.988 10.174 2.0
46.23300000000001 -425.987 10.196 3.0
46.276 -425.982 10.177 5.0
46.299 -425.974 10.171 2.0
46.282 -425.978 10.188 1.0
46.23300000000001 -425.964 10.163 3.0
46.377 -425.962 10.169 2.0
46.386 -425.964 10.169 3.0
46.42800000000001 -425.955 10.134 6.0
46.432 -425.95 10.163 2.0
46.571 -425.963 10.126 5.0
46.574 -425.957 10.125 213.0
46.542 -425.96000000000004 10.169 2.0
46.615 -425.963 10.145 4.0
46.622 -425.951 10.168000000000003 2.0
46.792 -425.954 10.17 7.0
46.136 -425.981 10.165 1.0
46.13 -425.967 10.169 1.0
46.151 -425.98400000000004 10.185 2.0
46.097 -425.952 10.168000000000003 1.0
46.164 -425.959 10.165 1.0
46.407 -425.968 10.19 6.0
46.281 -425.959 10.162 2.0
46.463 -425.968 10.171 1.0
46.513 -425.955 10.166 3.0
46.712 -425.963 10.117 4.0
46.668 -425.951 10.168000000000003 5.0
46.748 -425.952 10.17 2.0
46.826 -425.949 10.171 0.0
46.96 -425.953 10.172 1.0
47.101 -425.893 10.161 4.0
47.504 -425.894 10.321 3.0
47.835 -425.88 10.282 4.0
46.851 -425.951 10.106 3.0
47.966 -425.889 10.286 2.0
47.627 -425.889 10.334 7.0
48.198 -425.9120000000001 10.254 4.0
47.811 -425.866 10.297 1.0
47.554 -425.939 10.263 5.0
47.697 -425.882 10.276 19.0
47.73300000000001 -425.873 10.295 1.0
48.16900000000001 -425.884 10.249 0.0
45.599 -425.127 11.933 8.0
45.603 -424.999 11.949 14.0
45.552 -424.94800000000004 11.982000000000003 9.0
45.599 -425.02 12.038 8.0
46.072 -425.069 11.931 3.0
45.62 -425.137 11.895 9.0
48.461 -425.91 9.882 2.0
48.478 -425.901 9.898 1.0
48.784 -425.874 9.85 2.0
48.749 -425.875 9.862 1.0
48.502 -425.9000000000001 9.919 1.0
48.79700000000001 -425.872 9.918000000000003 1.0
48.837 -425.867 9.861 1.0
48.882 -425.874 9.856 1.0
48.92 -425.869 9.859 1.0
48.97 -425.882 9.862 2.0
49.045 -425.871 9.863 2.0
48.865 -425.881 9.918000000000003 1.0
49.124 -425.865 9.866 1.0
48.542 -425.907 9.902000000000003 1.0
48.677 -425.893 9.856 1.0
49.202 -425.856 9.869 2.0
49.185 -425.861 9.888 1.0
48.633 -425.885 9.915 1.0
48.621 -425.8880000000001 9.933 2.0
49.432 -425.873 9.83 1.0
49.552 -425.8880000000001 9.829 2.0
48.714 -425.875 9.925 2.0
48.724 -425.89 9.932 2.0
49.288 -425.86 9.874 3.0
48.994 -425.874 9.851 3.0
49.357 -425.8640000000001 9.83 3.0
49.507 -425.859 9.799 1.0
48.824 -425.886 9.93 3.0
49.7 -425.857 9.807 2.0
49.7 -425.848 9.817 3.0
49.904 -425.821 9.754 0.0
49.889 -425.824 9.763 1.0
49.996 -425.818 9.772 1.0
49.931000000000004 -425.84 9.809000000000003 4.0
49.404 -425.877 9.811 1.0
49.403 -425.871 9.831 4.0
49.24200000000001 -425.866 9.834 2.0
49.593 -425.856 9.802 1.0
50.08 -425.826 9.767 2.0
49.552 -425.862 9.813 1.0
50.16 -425.837 9.769 2.0
50.17200000000001 -425.83500000000004 9.775 2.0
50.162 -425.831 9.802 2.0
49.624 -425.866 9.82 1.0
50.106 -425.842 9.808 3.0
49.765 -425.845 9.807 2.0
49.769 -425.859 9.819 2.0
49.827 -425.829 9.768 1.0
49.908 -425.828 9.769 1.0
50.222 -425.841 9.759 1.0
50.22 -425.837 9.804 2.0
50.253 -425.827 9.779 1.0
50.348 -425.824 9.712 1.0
50.323 -425.82300000000004 9.771 1.0
50.485 -425.836 9.718 0.0
50.45 -425.832 9.798 4.0
50.664 -425.819 9.729 1.0
50.049 -425.843 9.807 3.0
50.796 -425.822 9.789 2.0
50.902 -425.8 9.704 2.0
51.262 -425.797 9.697 1.0
51.328 -425.809 9.701 3.0
51.484 -425.82300000000004 9.66 2.0
50.416 -425.837 9.719 1.0
51.573 -425.794 9.657 2.0
50.913 -425.821 9.787 4.0
51.076 -425.795 9.717 1.0
51.11700000000001 -425.8 9.713 1.0
50.508 -425.818 9.795 5.0
51.259 -425.786 9.724 2.0
51.256 -425.793 9.732 5.0
51.545 -425.788 9.74 1.0
50.684000000000005 -425.833 9.793000000000003 3.0
51.022 -425.809 9.704 1.0
50.997 -425.806 9.713 1.0
51.991 -425.753 8.862 4.0
52.012 -425.748 8.873 4.0
51.949 -425.752 8.916 3.0
52.216 -425.744 8.997 5.0
52.275 -425.734 8.985 7.0
52.347 -425.756 9.07 0.0
52.48600000000001 -425.7270000000001 9.098 3.0
52.60800000000001 -425.72 9.094 5.0
52.476 -425.7390000000001 9.127 6.0
52.69 -425.716 9.187 8.0
52.798 -425.72200000000004 9.238 7.0
51.67800000000001 -425.792 9.658 2.0
52.08 -425.747 8.868 1.0
51.895 -425.783 9.588 0.0
51.98300000000001 -425.79 9.595 1.0
51.884 -425.786 9.649 2.0
52.078 -425.77 9.598 2.0
52.309000000000005 -425.734 9.009 7.0
52.436 -425.729 9.07 7.0
52.597 -425.712 9.113 4.0
52.157 -425.773 9.626 0.0
52.265 -425.766 9.586 0.0
52.36100000000001 -425.766 9.577 1.0
52.362 -425.762 9.589 1.0
51.792 -425.788 9.64 2.0
51.931000000000004 -425.788 9.597 1.0
51.935 -425.783 9.598 0.0
51.893 -425.793 9.661 2.0
51.767 -425.769 10.023 2.0
51.792 -425.777 10.032 1.0
51.889 -425.7630000000001 10.032 1.0
52.033 -425.777 9.605 0.0
52.064 -425.7750000000001 9.996 2.0
52.001 -425.773 10.037 1.0
52.784 -425.737 9.323 1.0
52.461 -425.755 9.591000000000003 0.0
52.517 -425.756 9.559000000000003 1.0
52.538 -425.748 9.593 1.0
52.454 -425.752 9.619 4.0
52.649 -425.779 9.562 1.0
52.097 -425.7750000000001 9.607 1.0
52.636 -425.731 9.628 1.0
53.112 -425.714 9.384 2.0
52.326 -425.765 9.616 1.0
52.852 -425.731 9.528 0.0
52.859 -425.738 9.537 1.0
53.01 -425.736 9.545 1.0
51.98 -425.738 10.026 1.0
53.073 -425.735 9.559000000000003 0.0
52.278 -425.725 9.979 1.0
52.255 -425.75 9.999 1.0
52.373 -425.754 10.0 1.0
52.399 -425.756 9.56 1.0
53.1 -425.734 9.553 2.0
53.165 -425.7270000000001 9.528 1.0
52.635 -425.746 9.603 1.0
53.9 -425.594 9.307 26.0
53.996 -425.611 9.236 19.0
53.457 -425.702 9.498 2.0
53.475 -425.707 9.503 2.0
52.726 -425.7390000000001 9.611 3.0
53.568 -425.69 9.475 1.0
53.024 -425.695 9.353 1.0
53.265 -425.723 9.539 2.0
53.018 -425.712 9.439 5.0
52.99 -425.75 9.556 2.0
52.958 -425.742 9.546 1.0
52.821 -425.733 9.621 4.0
53.564 -425.707 9.571 4.0
53.515 -425.731 9.683 1.0
53.905 -425.694 9.498 0.0
53.945 -425.682 9.48 2.0
53.977 -425.696 9.492 1.0
53.883 -425.57 9.321 12.0
53.80000000000001 -425.648 9.406 12.0
53.656 -425.705 9.507 0.0
53.98900000000001 -425.621 9.223 10.0
53.876 -425.673 9.829 0.0
53.828 -425.604 9.902000000000003 2.0
53.713 -425.699 9.94 2.0
53.333 -425.694 9.543000000000003 13.0
53.822 -425.6140000000001 9.992 10.0
53.96 -425.579 9.99 13.0
54.326 -425.685 9.426 2.0
53.577 -425.71000000000004 9.647 0.0
53.762 -425.708 9.481 0.0
53.77 -425.717 9.463 1.0
54.106 -425.688 9.539 2.0
54.188 -425.692 9.511000000000003 3.0
54.301 -425.69 9.525 1.0
53.764 -425.699 9.513 1.0
54.683 -425.668 9.47 1.0
53.756 -425.685 9.855 1.0
54.629 -425.651 9.394 1.0
53.705 -425.694 9.978 2.0
54.581 -425.719 9.701 10.0
53.902 -425.551 9.983 10.0
54.666 -425.692 9.699 2.0
54.386 -425.708 9.789 6.0
48.821 -425.91 10.228 2.0
48.917 -425.84700000000004 10.217 2.0
48.926 -425.836 10.211 1.0
49.17800000000001 -425.857 10.205 2.0
49.349 -425.816 10.144 2.0
49.391 -425.807 10.129 2.0
54.542 -425.668 9.452 1.0
49.487 -425.821 10.123 1.0
49.551 -425.84 10.188 2.0
49.704 -425.79 10.117 2.0
49.707 -425.801 10.184000000000003 1.0
49.912 -425.783 10.109 1.0
49.931000000000004 -425.774 10.115 1.0
53.855 -425.57 10.477 11.0
53.952 -425.5370000000001 10.474 12.0
53.976 -425.53 10.5 16.0
53.94 -425.532 10.576 6.0
56.289 -425.555 9.299 0.0
54.431000000000004 -425.675 9.774 10.0
48.826 -425.849 10.213 1.0
49.016 -425.866 10.225 1.0
54.962 -425.651 9.412 1.0
55.135 -425.648 9.407 1.0
54.804 -425.716 9.605 3.0
54.817 -425.717 9.593 3.0
49.446 -425.863 10.19 1.0
54.991 -425.691 9.515 2.0
54.869 -425.657 9.572 1.0
49.69 -425.856 10.168000000000003 1.0
49.889 -425.8520000000001 10.17 1.0
53.86700000000001 -425.57 10.556 19.0
53.849 -425.579 10.582 12.0
55.267 -425.641 9.463 2.0
55.437 -425.656 9.362 6.0
55.545 -425.634 9.355 10.0
55.58 -425.639 9.354 1.0
55.53 -425.633 9.375 10.0
55.527 -425.6260000000001 9.373 1.0
55.445 -425.64 9.472 2.0
55.699 -425.621 9.405 1.0
55.595 -425.644 9.463 4.0
55.142 -425.647 9.447 2.0
54.985 -425.709 9.515 2.0
55.894 -425.6140000000001 9.37 1.0
55.918 -425.606 9.37 2.0
55.947 -425.616 9.359 1.0
55.979 -425.607 9.363 2.0
55.846 -425.623 9.421 3.0
55.209 -425.643 9.448 1.0
56.002 -425.606 9.347 2.0
55.987 -425.601 9.353 2.0
55.996 -425.599 9.385 2.0
56.133 -425.596 9.393 2.0
55.29400000000001 -425.641 9.419 1.0
55.599 -425.6380000000001 9.325000000000003 0.0
55.767 -425.62 9.369 2.0
55.762 -425.632 9.376 1.0
55.785 -425.64 9.319 0.0
55.80000000000001 -425.636 9.339 0.0
55.872 -425.607 9.374 1.0
57.684000000000005 -425.548 9.268 3.0
57.684000000000005 -425.551 9.303 2.0
57.7 -425.5490000000001 9.295 2.0
57.715 -425.5490000000001 9.293000000000003 1.0
55.958 -425.601 9.436 1.0
57.85800000000001 -425.547 9.279 1.0
56.071 -425.612 9.397 2.0
57.91900000000001 -425.544 9.269 0.0
57.883 -425.5370000000001 9.27 2.0
56.116 -425.609 9.392 1.0
56.398 -425.586 9.318 1.0
56.258 -425.601 9.341000000000003 1.0
56.491 -425.578 9.576 3.0
56.594 -425.579 9.531 0.0
56.662 -425.556 9.578 3.0
57.016 -425.575 9.323 1.0
57.261 -425.577 9.305 1.0
57.103 -425.575 9.786 1.0
57.642 -425.555 9.28 2.0
57.80300000000001 -425.542 9.302 1.0
57.916 -425.58500000000004 9.693 2.0
57.245000000000005 -425.57 9.805 0.0
57.776 -425.594 9.783 3.0
57.971 -425.5610000000001 9.739 5.0
57.998000000000005 -425.535 9.284 1.0
58.052 -425.5370000000001 9.282 2.0
58.07 -425.531 9.273 1.0
58.112 -425.536 9.28 1.0
58.089 -425.532 9.299 1.0
56.911 -425.581 9.318 1.0
58.133 -425.53 9.287 1.0
57.288 -425.569 9.349 1.0
58.929 -425.5 9.202 2.0
57.513 -425.56 9.326 3.0
59.302 -425.4770000000001 9.244 1.0
57.811 -425.543 9.314 2.0
59.378 -425.503 9.231 2.0
58.009 -425.529 9.309000000000003 1.0
57.306000000000004 -425.553 9.732 1.0
57.295 -425.538 9.74 5.0
58.051 -425.5130000000001 9.688 0.0
58.10800000000001 -425.545 9.726 1.0
58.129 -425.5130000000001 9.762 1.0
58.27 -425.519 9.737 2.0
58.326 -425.508 9.773 1.0
59.007 -425.529 9.452 1.0
60.17500000000001 -425.495 9.216000000000003 1.0
60.167 -425.455 9.234 2.0
60.199 -425.451 9.225 1.0
58.412 -425.514 9.296 1.0
60.347 -425.427 9.278 1.0
58.947 -425.497 9.286 1.0
59.026 -425.511 9.248 1.0
58.136 -425.534 9.314 1.0
58.001 -425.54 9.744 1.0
58.22 -425.534 9.764 0.0
59.017 -425.53 9.468 8.0
59.01 -425.531 9.497 7.0
