41.04400000000001 -217.079 6.805 16.0
41.1 -216.935 6.526 4.0
41.06 -216.947 6.649 2.0
41.107 -216.95600000000005 6.693000000000001 5.0
40.958 -216.785 6.643 12.0
40.981 -216.914 6.736 12.0
41.093 -216.98000000000002 6.785 41.0
41.078 -216.85500000000002 6.752 9.0
41.09 -216.94400000000005 6.888 0.0
41.109 -216.047 6.8 1.0
41.101 -217.017 6.839 222.0
41.089 -217.04 6.853 2.0
41.095 -217.025 6.848 2.0
41.126 -215.905 6.91 1.0
41.141 -215.905 6.893 1.0
40.918 -216.86700000000002 6.68 12.0
41.049 -216.976 6.588 2.0
41.062 -216.978 6.715 7.0
41.116 -216.948 6.677 0.0
41.074 -216.859 6.688 7.0
41.043 -216.888 6.694 17.0
41.04 -216.829 6.707 31.0
40.98900000000001 -216.751 6.648000000000001 5.0
41.012 -216.905 6.769 29.0
41.091 -216.971 6.757000000000001 6.0
41.14 -215.997 6.898000000000001 0.0
41.088 -216.778 7.068000000000001 1.0
41.125 -216.789 7.096 1.0
41.152 -216.568 6.973 1.0
41.10800000000001 -216.42 6.958 0.0
41.17500000000001 -216.36700000000002 6.989 1.0
41.107 -216.295 6.991000000000001 2.0
41.135 -216.128 6.941 2.0
41.118 -216.436 7.0 1.0
41.136 -216.379 7.022 1.0
41.123 -215.764 6.844 2.0
41.134 -215.504 6.84 0.0
41.098 -215.441 6.856 1.0
41.059 -215.372 6.833 2.0
41.096 -215.11100000000002 6.865 0.0
41.089 -214.993 6.881 1.0
41.078 -214.382 6.612 2.0
41.081 -214.329 6.576000000000001 1.0
41.019 -214.546 6.826000000000001 1.0
41.026 -214.38 6.722 1.0
40.966 -214.248 6.773000000000001 1.0
40.974 -214.229 6.771 1.0
41.057 -214.339 6.719 1.0
41.042 -214.215 6.83 1.0
41.064 -214.181 6.771 1.0
41.127 -215.774 6.872 0.0
41.064 -213.788 6.676 1.0
41.116 -213.623 6.7 0.0
41.055 -215.571 6.864 2.0
41.08 -215.115 6.846 1.0
41.076 -214.969 6.903 1.0
41.04 -213.775 6.78 0.0
41.89 -213.452 6.261 0.0
41.051 -212.80700000000004 6.431 1.0
41.092 -214.339 6.664 1.0
41.059 -214.513 6.778 1.0
41.073 -214.346 6.803 0.0
41.086 -214.257 6.751 0.0
41.17 -213.424 6.672 6.0
41.041 -212.839 6.437 0.0
41.07 -213.35 6.583 0.0
41.041 -213.277 6.649 1.0
40.998 -212.202 6.606 1.0
41.031 -212.159 6.583 0.0
41.007 -212.068 6.605 1.0
41.006 -212.044 6.649 1.0
41.031 -211.704 6.348 0.0
41.009 -211.68 6.398000000000001 0.0
41.003 -211.359 6.431 0.0
40.984 -211.375 6.497 1.0
40.972 -211.659 6.556 0.0
40.977 -211.697 6.591 1.0
40.937 -210.293 6.464 0.0
40.976 -210.888 6.533 0.0
40.954 -210.728 6.561 1.0
40.941 -209.872 6.471 1.0
41.017 -212.48600000000002 6.389 0.0
40.963 -209.764 6.331 0.0
41.049 -212.452 6.495 0.0
40.842 -209.767 6.437 1.0
40.863 -209.763 6.426 1.0
40.927 -209.779 6.443000000000001 1.0
41.005 -212.179 6.651 2.0
40.929 -209.775 6.494 1.0
40.948 -209.757 6.451000000000001 1.0
41.005 -211.383 6.415 0.0
40.884 -210.804 6.505 1.0
40.96 -210.268 6.437 1.0
40.946 -209.846 6.426 1.0
40.921 -209.70600000000005 6.385 1.0
40.947 -208.463 6.077 1.0
40.946 -209.163 6.302 0.0
40.929 -209.113 6.4 0.0
40.921 -209.03 6.375 1.0
40.899 -208.952 6.371 1.0
40.895 -208.28 6.302 0.0
40.915 -208.269 6.313 1.0
40.879 -207.875 6.325 1.0
41.057 -207.359 5.511 0.0
41.071 -207.258 5.542 0.0
40.796 -207.448 6.262 1.0
40.926 -207.834 6.239 0.0
40.873 -207.553 6.223 1.0
40.882 -207.572 6.243 1.0
40.964 -209.368 6.13 3.0
40.893 -207.629 6.33 0.0
40.877 -207.518 6.321 0.0
40.89 -207.509 6.319 0.0
40.86400000000001 -207.413 6.34 1.0
40.762 -206.709 6.257000000000001 0.0
40.857 -206.864 6.29 1.0
40.873 -208.316 6.307 0.0
40.779 -206.58100000000005 6.23 2.0
40.893 -207.839 6.292 1.0
40.86100000000001 -206.624 6.232 2.0
40.89 -207.767 6.282 2.0
41.009 -203.306 5.206 0.0
40.981 -203.266 5.206 0.0
41.03 -203.242 5.243 1.0
40.868 -207.427 6.251 0.0
40.975 -205.076 5.332 0.0
40.871 -206.918 6.272 1.0
40.893 -206.812 6.246 0.0
40.769 -205.949 6.226 1.0
40.763 -205.96200000000005 6.256 1.0
40.86 -206.6 6.156 1.0
40.863 -206.123 6.18 1.0
40.845 -206.542 6.252 0.0
40.851 -206.019 6.226 1.0
40.78 -205.768 6.198 2.0
40.757 -205.729 6.184 2.0
40.762 -205.719 6.214 2.0
40.758 -205.541 6.148 0.0
40.752 -205.526 6.17 1.0
40.732 -205.222 6.17 1.0
40.815 -205.126 6.217000000000001 1.0
40.714 -203.871 6.11 1.0
40.774 -204.413 6.19 1.0
40.973 -205.156 5.331 0.0
40.823 -205.43200000000004 6.191 1.0
40.705 -203.947 6.095 1.0
40.712 -203.928 6.099 0.0
40.796 -203.916 6.111 1.0
40.795 -204.365 6.176 1.0
40.941 -200.80100000000004 5.094 1.0
40.981 -200.725 5.076000000000001 0.0
40.753 -202.94 5.998 1.0
40.765 -203.003 6.113 1.0
40.664 -202.783 6.064 1.0
40.682 -202.795 6.07 1.0
40.67500000000001 -202.796 6.084000000000001 1.0
40.765 -202.018 5.91 2.0
40.76 -201.951 5.9 2.0
40.728 -202.098 6.102 1.0
40.76 -202.007 6.092000000000001 1.0
40.718 -202.098 6.148 1.0
40.649 -201.315 5.989 1.0
40.644 -201.306 6.03 1.0
40.701 -201.211 5.991000000000001 2.0
40.932 -200.673 5.104 0.0
40.722 -201.109 6.037 2.0
40.685 -200.272 5.96 1.0
40.988 -200.489 5.075 0.0
40.69 -202.993 6.108000000000001 1.0
40.734 -202.556 6.036 1.0
40.742 -201.96800000000005 5.922 2.0
40.711 -201.994 6.173 0.0
40.749 -201.902 6.15 2.0
40.642 -201.35 6.043 1.0
40.646 -201.126 5.996 1.0
40.671 -200.126 5.998 0.0
41.11400000000001 -215.53 6.93 1.0
41.102 -215.577 6.923 1.0
41.648 -233.518 6.885 0.0
41.607 -233.06300000000005 6.878 2.0
41.603 -232.852 6.915 1.0
41.616 -232.719 6.875 1.0
41.636 -233.775 6.901 3.0
41.565 -233.064 6.894 2.0
41.629 -232.952 6.894 3.0
41.432 -226.074 6.81 0.0
41.427 -226.082 6.847 1.0
41.318 -224.809 6.913 2.0
41.695 -222.784 6.839 0.0
41.714 -222.795 6.833 3.0
41.656 -222.776 6.743 3.0
41.718 -222.78 6.777 2.0
41.655 -222.77 6.839 0.0
41.654 -222.757 6.834000000000001 2.0
41.639 -222.769 6.842000000000001 3.0
41.35 -225.482 6.9 2.0
41.774 -222.818 6.828 2.0
41.228 -222.151 6.904 1.0
41.244 -222.045 6.909 0.0
41.137 -221.041 6.858000000000001 0.0
41.147 -221.023 6.823 0.0
40.998 -220.043 6.545 3.0
41.212 -220.165 6.876 2.0
41.199 -220.1 6.884 6.0
41.278 -221.984 6.855 1.0
41.014 -220.05 6.54 2.0
41.099 -220.078 6.681 2.0
41.064 -220.079 6.896 9.0
41.569 -234.109 7.105 2.0
41.558 -234.115 7.121 4.0
41.554 -234.116 7.142 3.0
41.558 -234.102 7.167 2.0
41.59 -233.536 7.02 1.0
41.575 -233.608 7.121 2.0
41.563 -233.58 7.173 1.0
41.571 -234.06 7.106 1.0
41.564 -233.96800000000005 7.081 1.0
41.607 -233.673 7.048 2.0
41.60800000000001 -233.321 6.944 0.0
41.531 -232.99800000000002 7.046 2.0
41.56 -232.869 6.926 1.0
41.556 -232.906 7.038 0.0
41.561 -232.741 6.929 1.0
41.59 -232.723 6.941 0.0
41.538 -232.697 7.015000000000001 0.0
41.55000000000001 -232.614 7.035 1.0
41.524 -232.461 7.064 2.0
41.53 -232.416 7.077 5.0
41.533 -232.326 7.031000000000001 4.0
41.539 -233.091 7.023000000000001 1.0
41.528 -233.019 7.106 2.0
41.509 -231.95600000000005 6.969 0.0
41.42800000000001 -231.789 7.033 2.0
41.501 -231.851 6.994 2.0
41.639 -233.189 6.939 3.0
41.65 -233.17600000000004 6.94 1.0
41.521 -232.898 7.078 2.0
41.538 -232.895 7.042 2.0
41.581 -232.583 6.971 0.0
41.509 -232.253 7.04 2.0
41.533 -232.351 7.078 2.0
41.54 -232.376 7.13 9.0
41.48 -231.83100000000005 7.003 1.0
41.505 -231.904 7.041 1.0
41.493 -231.743 7.019 1.0
41.51 -231.447 7.069 0.0
41.496 -231.24200000000002 7.048 1.0
41.431 -231.084 7.053 2.0
41.488 -231.071 7.078 2.0
41.424 -230.879 7.025 2.0
41.452 -230.322 6.999000000000001 2.0
41.455 -230.195 6.954 1.0
41.461 -230.223 6.993 2.0
41.492 -230.201 7.047 0.0
41.494 -229.969 7.043 2.0
41.503 -231.243 7.005 1.0
41.48900000000001 -229.846 7.071 1.0
41.46 -229.567 7.013 2.0
41.467 -229.603 7.063 1.0
41.435 -228.912 6.932 1.0
41.514 -231.16 7.059 1.0
41.469 -231.092 7.009 1.0
41.431 -228.728 7.042 2.0
41.436 -228.681 6.965 2.0
41.472 -230.937 7.02 2.0
41.476 -230.947 7.05 1.0
41.471 -230.12 7.065 2.0
41.457 -229.516 7.042 2.0
41.466 -228.741 6.952 0.0
41.389 -228.415 6.997 1.0
41.475 -228.434 7.009 0.0
41.444 -228.266 7.055 1.0
41.452 -228.35 7.029 1.0
41.407 -228.12300000000002 7.01 1.0
41.407 -227.651 6.972 2.0
41.432 -227.412 6.929 0.0
41.373 -227.02 6.991000000000001 2.0
41.355 -226.797 6.953 2.0
41.363 -226.777 6.964 2.0
41.412 -226.824 7.022 2.0
41.434 -226.69400000000005 6.992 0.0
41.403 -226.692 7.051 1.0
41.39 -226.536 6.985 2.0
41.335 -225.591 6.978 2.0
41.334 -225.548 6.943000000000001 1.0
41.432 -228.289 6.98 1.0
41.442 -228.238 7.055 1.0
41.393 -227.57500000000005 6.926 2.0
41.394 -227.59 7.032 2.0
41.431 -226.785 7.033 0.0
41.408 -226.61100000000002 6.967000000000001 1.0
41.391 -226.61 7.074 2.0
41.347 -225.356 6.93 1.0
41.371 -225.327 6.942 0.0
41.336 -225.175 6.969 2.0
41.311 -225.103 7.044 1.0
41.35800000000001 -225.066 7.021 2.0
41.216 -223.412 6.984 1.0
41.323 -223.471 6.944 1.0
41.29 -223.333 7.009 1.0
41.293 -223.284 6.992 0.0
41.395 -225.153 7.002 0.0
41.356 -225.102 7.067 1.0
41.355 -224.78 6.99 0.0
41.337 -224.656 6.964 1.0
41.279 -222.70000000000005 7.007000000000001 1.0
41.155 -221.544 6.985 2.0
41.198 -221.455 6.965 1.0
41.281 -222.053 6.949 0.0
41.258 -221.96200000000005 6.972 1.0
41.23900000000001 -221.875 6.945 0.0
41.246 -221.746 7.023000000000001 2.0
41.247 -221.442 7.08 1.0
41.135 -221.158 7.001 1.0
41.176 -221.031 6.987 2.0
41.24 -221.179 7.074 0.0
41.18 -220.377 6.948 1.0
41.033 -220.152 6.921 2.0
41.179 -220.128 7.013 10.0
41.186 -220.095 7.005 12.0
41.23 -221.625 7.051 2.0
41.115 -220.09 6.999000000000001 5.0
41.149 -220.042 6.926 12.0
41.269 -222.05 6.997 0.0
41.216 -220.088 7.013 1.0
41.245 -220.303 7.063 2.0
41.266 -221.803 7.01 0.0
41.263 -221.666 7.042 2.0
41.191 -219.451 7.073 1.0
41.252 -221.124 7.025 1.0
41.219 -220.238 7.081 1.0
41.213 -220.187 6.998 1.0
41.146 -220.065 7.029 2.0
41.163 -220.03 7.079 1.0
41.089 -219.019 7.074 4.0
41.082 -218.945 7.019 1.0
41.168 -218.972 7.035 2.0
41.132 -218.887 7.055 3.0
41.847 -248.199 6.996 2.0
41.863 -248.062 6.998 1.0
41.854 -247.903 7.013 1.0
41.849 -247.881 7.014 2.0
41.866 -248.145 6.976 2.0
41.87 -247.984 6.981 2.0
41.818 -246.34 6.971 2.0
41.836 -246.228 6.951000000000001 2.0
41.73300000000001 -245.231 6.999000000000001 1.0
41.804 -245.292 6.952 1.0
41.804 -245.18800000000005 6.959000000000001 1.0
41.775 -244.53 6.976 0.0
41.765 -243.064 6.956 2.0
41.778 -243.05100000000004 6.934 0.0
41.67800000000001 -242.859 6.996 2.0
41.746 -242.818 6.969 2.0
41.701 -242.72 6.967000000000001 1.0
41.761 -246.333 6.986 2.0
41.742 -242.04 6.987 1.0
41.801 -246.229 6.984 1.0
41.817 -245.36700000000002 6.964 2.0
41.644 -241.732 6.961 2.0
41.737 -241.787 6.979 2.0
41.639 -241.715 6.981 0.0
41.795 -245.303 6.966 2.0
41.719 -241.633 6.985 2.0
41.763 -241.702 6.966 2.0
41.673 -241.519 6.999000000000001 1.0
41.662 -241.582 7.043 1.0
41.758 -243.113 6.944 2.0
41.721 -241.415 6.967000000000001 2.0
41.723 -241.374 6.959000000000001 0.0
41.67200000000001 -236.148 6.91 1.0
41.728 -241.269 6.971 2.0
41.722 -241.05700000000004 7.025 0.0
41.726 -240.81 6.946 1.0
41.718 -240.685 6.989 2.0
41.721 -240.598 6.984 1.0
41.711 -240.453 7.023000000000001 3.0
41.692 -240.204 7.004 2.0
41.628 -240.064 6.979 1.0
41.713 -240.009 6.992 1.0
41.712 -239.923 6.976 0.0
41.695 -239.829 6.999000000000001 2.0
41.709 -240.893 6.999000000000001 2.0
41.695 -239.62300000000002 6.965 1.0
41.714 -240.789 7.026 1.0
41.681 -239.494 6.989 2.0
41.73900000000001 -240.458 6.978 2.0
41.726 -240.372 7.0 1.0
41.72 -240.163 6.964 1.0
41.67800000000001 -239.272 7.011 2.0
41.684 -239.133 6.999000000000001 1.0
41.683 -238.984 7.033 2.0
41.699 -239.83700000000005 7.026 2.0
41.704 -239.479 6.998 0.0
41.677 -239.31300000000005 7.012 1.0
41.589 -238.074 7.087 1.0
41.667 -238.001 7.012 2.0
41.663 -238.06300000000005 7.043 2.0
41.663 -237.972 7.028 2.0
41.664 -237.96 7.033 2.0
41.673 -237.389 7.037 2.0
41.637 -237.165 7.053 2.0
41.628 -236.785 7.039000000000001 1.0
41.626 -236.691 7.075 3.0
41.63 -236.695 7.078 3.0
41.632 -236.68 7.067 4.0
41.639 -236.708 7.064 3.0
41.619 -236.138 7.033 1.0
41.536 -236.091 7.041 2.0
41.589 -237.945 7.032 2.0
41.61100000000001 -235.943 7.083 0.0
41.66900000000001 -238.089 7.031000000000001 1.0
41.61400000000001 -235.895 7.071 2.0
41.665 -238.001 7.054 3.0
41.665 -236.064 6.931 0.0
41.643 -237.846 7.039000000000001 2.0
41.642 -237.364 6.983000000000001 1.0
41.682 -237.377 7.01 1.0
41.658 -237.291 7.026 0.0
41.658 -235.945 6.918 0.0
41.623 -236.885 7.054 1.0
41.558 -236.799 7.094 1.0
41.537 -236.658 7.106 0.0
41.65 -236.779 7.046 2.0
41.61100000000001 -235.508 7.046 2.0
41.583 -236.449 7.022 2.0
41.533 -235.344 7.103 1.0
41.648 -235.703 6.973 1.0
41.635 -235.597 6.997 0.0
41.536 -235.339 7.054 2.0
41.6 -235.271 7.09 2.0
41.653 -235.989 6.949 2.0
41.654 -235.902 6.942 0.0
41.552 -235.525 7.029 1.0
42.015 -217.782 6.556 1.0
41.933 -217.755 6.656000000000001 1.0
41.726 -217.666 6.726 1.0
41.839 -217.733 6.634 1.0
41.893 -217.66 6.88 0.0
43.877 -219.08 6.148 0.0
43.877 -219.061 6.183 0.0
43.415 -218.623 5.897 0.0
43.537 -218.665 5.876 1.0
43.488 -218.63 5.927 1.0
43.499 -218.643 5.945 3.0
43.089 -218.43 6.115 1.0
43.321 -218.565 5.877 0.0
42.609 -218.24 6.239 0.0
43.394 -218.586 5.956 0.0
42.721 -218.209 6.218 2.0
43.581 -218.686 5.875 1.0
43.075 -218.428 6.136 2.0
43.449 -218.61100000000002 5.951000000000001 1.0
43.501 -218.657 5.969 1.0
43.026 -218.388 6.145 1.0
42.865 -218.295 6.165 0.0
42.936 -218.354 6.143 1.0
42.985 -218.372 6.159 1.0
43.153 -218.496 6.075 0.0
42.86400000000001 -218.262 6.576000000000001 1.0
42.264 -217.914 6.342000000000001 2.0
43.371 -218.585 5.923 0.0
42.337 -217.98600000000002 6.419 0.0
42.259 -217.964 6.423 0.0
42.823 -218.251 6.164 1.0
42.625 -218.158 6.303 2.0
42.48300000000001 -218.07500000000005 6.292 3.0
42.481 -218.076 6.305 1.0
42.663 -218.19400000000005 6.296 0.0
42.48900000000001 -218.115 6.389 0.0
42.217 -217.958 6.547 0.0
42.171 -217.924 6.555 3.0
42.087 -217.842 6.573 1.0
42.92 -218.302 6.567 1.0
42.389 -218.092 6.337 1.0
42.395 -218.014 6.412 2.0
42.33 -217.96800000000005 6.331 0.0
42.27 -217.93800000000005 6.406 1.0
43.688 -218.769 5.832 0.0
42.441 -218.115 6.317 1.0
42.29400000000001 -217.948 6.439 4.0
43.639 -218.755 5.923 0.0
42.671 -218.186 6.222 0.0
42.215 -218.05100000000004 6.566 1.0
42.124 -217.99200000000002 6.578 0.0
42.127 -217.886 6.563 3.0
43.875 -218.864 5.846 0.0
