24.23 -210.332 6.157 6.0
24.164 -210.36100000000002 6.268 28.0
24.205 -210.34900000000002 6.259 21.0
24.238 -210.297 6.236 26.0
24.233 -210.408 6.141 8.0
24.244 -210.407 6.161 7.0
24.181 -210.439 6.329 5.0
-5.088 -249.55100000000004 2.132 2.0
-5.096 -249.93 2.232 9.0
-5.066 -249.894 2.218 3.0
-5.016 -250.082 2.274 3.0
-5.132 -249.844 2.266 8.0
-5.121 -249.803 2.235 10.0
-5.28 -249.526 2.328 3.0
-5.067 -249.645 2.225 2.0
-5.071 -249.555 2.153 4.0
-5.25 -249.441 2.329 3.0
-5.069 -249.973 2.262 5.0
-5.4 -249.44 2.529 7.0
-5.349 -249.392 2.524 7.0
-4.907 -250.046 2.29 7.0
-4.927 -250.08700000000005 2.31 4.0
-5.235 -249.54 2.576 3.0
-4.944 -249.96800000000005 2.314 2.0
-4.96 -249.744 2.297 2.0
-4.965 -249.63500000000002 2.187 6.0
-5.018 -249.778 2.222 3.0
-5.027 -249.81900000000005 2.307 3.0
-5.125 -249.693 2.355 2.0
-5.076000000000001 -249.564 2.243 2.0
-5.34 -249.393 2.342 2.0
-5.313 -249.429 2.579 7.0
-4.962 -249.93 2.299 2.0
-7.959000000000001 -206.469 7.312 10.0
-7.819 -204.749 8.473 15.0
-7.600000000000001 -204.725 8.395 15.0
-7.488 -204.677 8.4 13.0
-7.525 -204.68800000000005 8.43 15.0
-6.255 -204.649 8.185 19.0
-6.316 -204.659 8.249 27.0
-5.958 -204.691 8.156 24.0
-5.973 -204.726 8.271 17.0
-5.996 -204.715 8.291 16.0
-7.008 -204.589 8.308 12.0
-7.213 -204.638 8.36 7.0
-7.179 -204.618 8.483 16.0
-6.749000000000001 -204.609 8.297 14.0
-8.007 -206.47400000000002 7.25 14.0
-6.952 -204.531 8.387 18.0
-6.505 -204.63 8.265 14.0
-6.453 -204.642 8.351 14.0
-5.037 -205.484 8.048 7.0
-7.641 -204.696 8.42 12.0
-4.828 -206.055 8.016 7.0
-4.823 -206.083 8.057 15.0
-4.833 -206.047 8.046 18.0
-4.269 -206.048 7.974 17.0
-7.167 -204.657 8.385 13.0
-4.45 -206.03 8.05 15.0
-5.114 -205.44400000000005 8.08 8.0
-6.252 -204.691 8.314 9.0
-5.511 -204.794 8.086 14.0
-5.459000000000001 -204.796 8.092 5.0
-5.062 -204.948 8.038 8.0
-6.164 -204.689 8.333 15.0
-7.216 -204.646 8.456 12.0
-6.747 -204.594 8.255 16.0
-6.654 -204.61100000000002 8.308 19.0
-5.204 -204.803 8.103 15.0
-5.799 -204.744 8.154 22.0
-6.913 -204.586 8.442 16.0
-6.699 -204.608 8.41 18.0
-6.366000000000001 -204.644 8.326 24.0
-5.772 -204.746 8.251 14.0
-4.434 -206.052 8.027000000000001 10.0
-4.497 -206.038 8.006 18.0
-5.533 -204.773 8.22 14.0
-4.09 -206.045 7.953 18.0
-3.865 -206.059 7.922000000000001 10.0
-3.877 -206.037 7.914000000000001 21.0
-3.576 -206.021 7.887 24.0
-3.515 -206.007 7.921 15.0
-3.564 -206.039 8.007 21.0
-3.45 -206.021 7.986 20.0
-5.084000000000001 -204.964 8.09 22.0
-5.507 -204.757 10.732000000000003 25.0
-5.501 -204.741 10.71 20.0
-5.128 -204.838 8.027000000000001 18.0
-5.137 -204.83100000000005 8.040000000000001 9.0
-3.815 -206.008 7.918 20.0
-3.483 -206.014 7.918 20.0
-5.487 -204.74 10.721 8.0
51.43 -241.403 11.937 4.0
51.511 -241.42 11.972 8.0
50.927 -242.393 16.86 10.0
50.979 -242.475 16.896 5.0
48.155 -234.602 1.109 9.0
48.217 -234.578 1.107 14.0
48.214 -234.584 1.13 4.0
48.316 -234.60500000000002 1.118 11.0
48.206 -234.733 1.283 10.0
48.15 -234.722 1.286 14.0
48.149 -234.68 1.304 12.0
48.152 -234.665 1.303 10.0
48.184 -234.629 1.329 12.0
48.315 -234.576 1.161 15.0
48.249 -234.708 1.28 19.0
48.316 -234.711 1.332 18.0
48.291 -234.614 1.317 1.0
48.36700000000001 -234.58100000000005 1.277 15.0
48.207 -234.751 1.311 18.0
48.14 -234.657 1.247 9.0
48.142 -234.637 1.26 10.0
48.354 -234.555 1.196 12.0
48.382 -234.648 1.334 16.0
48.212 -234.341 1.112 9.0
48.162 -234.521 1.158 10.0
48.281 -234.366 1.335 8.0
48.262 -234.47400000000002 1.122 7.0
48.192 -234.43 1.175 13.0
48.39 -234.441 1.189 24.0
48.258 -234.097 1.101 4.0
48.214 -234.11700000000002 1.148 8.0
48.362 -234.098 1.159 13.0
48.296 -234.014 1.174 6.0
48.388 -233.859 1.287 10.0
48.36100000000001 -234.078 1.138 1.0
48.164 -234.598 1.349 8.0
48.167 -234.641 1.377 10.0
48.292 -234.544 1.695 4.0
48.327 -234.784 1.337 21.0
48.353 -234.672 1.415 17.0
48.167 -234.446 1.422 0.0
48.109 -234.388 1.382 7.0
48.334 -234.282 1.354 8.0
48.315 -234.261 1.402 0.0
48.35 -234.201 1.396 4.0
48.375 -234.471 1.698 4.0
48.144 -234.458 1.359 5.0
48.17800000000001 -234.541 1.737 15.0
48.29700000000001 -234.359 1.358 9.0
48.406 -234.32500000000005 1.962 7.0
48.391 -234.186 1.351 5.0
48.264 -234.52 1.712 20.0
48.331 -233.756 1.618 0.0
48.398 -234.372 1.863 6.0
48.382 -233.681 1.555 3.0
48.386 -233.717 1.73 6.0
48.374 -234.427 2.043 16.0
48.373 -234.428 2.05 1.0
48.381 -234.341 2.045 25.0
48.36400000000001 -233.652 1.709 12.0
48.365 -233.775 1.655 2.0
48.347 -233.738 1.514 3.0
48.337 -233.729 1.517 2.0
48.163 -233.993 2.108 1.0
47.627 -233.276 1.112 3.0
48.372 -234.46200000000005 2.146 13.0
48.299 -234.44400000000005 2.296 9.0
48.363 -234.396 2.399 19.0
48.351 -234.341 2.583 1.0
48.377 -234.418 2.28 13.0
48.369 -234.405 2.368 15.0
48.369 -234.357 2.697 10.0
48.17500000000001 -234.037 2.18 1.0
48.359 -233.753 2.311 3.0
48.179 -233.98600000000002 2.403 13.0
48.151 -234.08700000000005 2.504 3.0
48.376 -233.696 2.136 0.0
48.379 -233.588 2.23 0.0
48.324 -233.635 2.251 4.0
48.403 -233.598 2.345 2.0
48.206 -233.928 2.659 16.0
48.24200000000001 -233.952 2.826 1.0
48.16 -233.913 2.802 7.0
48.197 -233.811 2.775 11.0
48.197 -233.92600000000004 2.882 0.0
48.237 -233.851 2.771 0.0
48.268 -233.924 2.864 3.0
48.286 -233.604 2.855 7.0
48.253 -233.612 2.895 4.0
48.295 -233.514 2.856 0.0
48.166 -234.041 2.488 10.0
48.225 -233.882 2.366 10.0
48.393 -233.607 2.313 0.0
48.235 -233.914 2.864 10.0
48.299 -233.901 2.922 2.0
48.29 -233.99 2.966 0.0
48.24 -233.975 3.035 2.0
48.409 -233.523 3.031 4.0
48.312 -233.766 3.654 10.0
48.353 -233.746 3.673 9.0
48.286 -233.716 3.645 1.0
48.199 -233.979 2.985 0.0
48.271 -233.892 2.968 2.0
48.292 -233.543 3.723 10.0
48.089 -233.393 3.782 2.0
48.371 -233.49 3.848 8.0
48.199 -233.402 4.061 0.0
48.257 -233.401 4.116 6.0
48.362 -233.516 3.73 10.0
48.366 -233.648 4.163 3.0
48.369 -233.485 4.216 4.0
48.401 -233.436 4.113 11.0
48.325 -233.411 4.265 5.0
48.35800000000001 -233.56900000000005 4.285 2.0
48.062 -233.339 3.732 3.0
48.495000000000005 -234.412 1.084 10.0
48.548 -234.259 1.087 19.0
48.649 -234.269 1.108 3.0
48.808 -234.465 1.305 11.0
48.559 -234.273 1.171 15.0
48.505 -234.179 1.221 1.0
48.497 -234.195 1.315 0.0
48.602 -234.263 1.091 4.0
48.618 -234.18800000000005 1.096 10.0
48.843 -234.46800000000005 1.231 9.0
48.786 -234.508 1.297 14.0
48.799 -234.499 1.307 14.0
48.80300000000001 -234.421 1.277 13.0
48.982 -234.433 1.186 15.0
48.837 -234.469 1.259 13.0
48.835 -234.447 1.259 11.0
48.816 -234.504 1.315 12.0
48.92200000000001 -234.369 1.265 10.0
49.074 -234.447 1.176 14.0
49.033 -234.421 1.209 16.0
49.063 -234.36 1.195 10.0
49.019 -234.49200000000002 1.238 11.0
49.168 -234.405 1.251 6.0
48.857 -234.244 1.206 8.0
48.958 -234.287 1.142 7.0
48.866 -234.238 1.231 9.0
49.079 -234.328 1.173 9.0
49.095 -234.323 1.194 8.0
49.11100000000001 -234.241 1.127 7.0
49.091 -234.283 1.192 7.0
49.203 -234.287 1.179 11.0
48.874 -234.34300000000005 1.136 16.0
49.102 -234.288 1.245 8.0
49.176 -234.192 1.238 9.0
48.904 -234.514 1.266 12.0
48.859 -234.447 1.247 10.0
49.11700000000001 -234.377 1.176 9.0
49.152 -234.39 1.168 3.0
48.944 -234.291 1.196 8.0
49.056000000000004 -234.291 1.183 7.0
49.499 -234.252 1.123 15.0
49.523 -234.261 1.129 15.0
49.113 -234.253 1.183 9.0
49.017 -234.238 1.153 6.0
49.126 -234.163 1.199 9.0
49.546 -234.226 1.102 16.0
49.55000000000001 -234.219 1.128 11.0
49.554 -234.146 1.111 12.0
49.502 -234.267 1.143 17.0
49.532 -234.30100000000004 1.184 18.0
49.516 -234.262 1.152 18.0
49.557 -234.269 1.138 20.0
49.508 -234.322 1.197 20.0
49.57 -234.304 1.224 15.0
49.605 -234.232 1.137 12.0
49.552 -234.241 1.195 15.0
49.481 -234.329 1.332 11.0
49.564 -234.249 1.275 11.0
49.549 -234.195 1.083 12.0
49.879 -234.214 1.109 18.0
49.895 -234.169 1.087 10.0
49.943 -234.21200000000005 1.124 12.0
49.567 -234.21 1.135 10.0
49.632 -234.173 1.153 12.0
49.627 -234.187 1.167 11.0
49.628 -234.164 1.164 11.0
49.267 -234.174 1.184 19.0
49.439 -234.29 1.205 6.0
49.909 -234.257 1.161 16.0
49.949 -234.264 1.182 14.0
49.577 -234.276 1.201 11.0
49.568 -234.263 1.192 12.0
49.592 -234.263 1.195 16.0
49.982 -234.271 1.214 12.0
49.909 -234.238 1.152 17.0
49.94 -234.23000000000002 1.18 16.0
49.954 -234.262 1.278 9.0
49.60800000000001 -234.222 1.138 16.0
49.631 -234.22400000000002 1.143 13.0
48.503 -233.85 1.194 8.0
49.04700000000001 -234.103 1.209 0.0
49.062 -234.047 1.193 7.0
49.206 -234.073 1.148 10.0
49.171 -234.059 1.165 8.0
48.41900000000001 -233.836 1.27 9.0
48.43 -233.821 1.318 0.0
49.199 -233.816 1.303 3.0
49.48900000000001 -234.107 1.097 11.0
49.48900000000001 -234.096 1.129 7.0
49.827 -234.032 1.096 10.0
48.766 -234.657 1.531 15.0
48.816 -234.57500000000005 1.394 1.0
48.889 -234.658 1.501 16.0
48.893 -234.61100000000002 1.521 16.0
49.147 -234.576 1.43 15.0
49.143 -234.586 1.481 16.0
48.93 -234.761 1.67 5.0
49.587 -234.095 1.136 10.0
48.815 -234.659 1.589 5.0
48.938 -234.666 1.578 25.0
48.836 -234.738 1.651 16.0
48.904 -234.653 1.654 0.0
49.002 -234.667 1.677 1.0
48.462 -234.376 1.681 1.0
49.826 -234.056 1.106 10.0
49.831 -233.92600000000004 1.161 12.0
48.481 -234.392 2.023 11.0
49.162 -234.314 1.901 5.0
49.189 -234.339 1.979 12.0
49.298 -234.545 1.482 19.0
49.603 -234.574 1.522 13.0
49.258 -234.501 1.487 18.0
49.35800000000001 -234.48600000000002 1.46 19.0
49.394 -234.419 1.518 1.0
49.097 -234.651 1.5 4.0
49.499 -234.449 1.396 15.0
49.43 -234.34300000000005 1.36 1.0
49.429 -234.434 1.397 8.0
49.5 -234.34300000000005 1.431 0.0
49.575 -234.524 1.443 16.0
49.579 -234.541 1.461 6.0
48.959 -234.716 1.575 21.0
49.36700000000001 -234.399 1.603 5.0
49.012 -234.684 1.669 0.0
49.502 -234.434 1.595 12.0
48.555 -234.305 1.689 15.0
48.984 -234.66 1.745 3.0
48.44 -234.329 1.979 3.0
49.686 -234.365 1.399 14.0
49.72 -234.34300000000005 1.366 13.0
49.886 -234.375 1.376 8.0
49.514 -234.445 1.393 12.0
49.512 -234.448 1.418 16.0
50.001 -234.382 1.395 16.0
49.965 -234.368 1.421 17.0
49.898 -234.375 1.469 15.0
49.528 -234.48000000000002 1.461 17.0
49.798 -234.30100000000004 1.365 14.0
49.967 -234.25 1.464 15.0
49.513 -234.44 1.444 8.0
49.999 -234.504 1.543 7.0
49.545 -234.62 1.762 15.0
49.562 -234.56300000000005 1.862 18.0
49.593 -234.48000000000002 1.582 16.0
49.595 -234.473 1.579 17.0
49.406 -234.379 1.601 5.0
49.616 -234.651 1.831 19.0
49.481 -234.434 1.552 14.0
49.622 -234.597 1.856 15.0
49.66900000000001 -234.606 2.077 7.0
49.5 -234.534 1.773 1.0
49.443 -234.477 1.844 9.0
49.88 -234.36 1.404 0.0
49.215 -234.276 1.871 1.0
49.321 -234.501 2.09 2.0
49.395 -234.534 2.106 10.0
49.505 -234.42 1.952 14.0
49.716 -234.482 1.607 23.0
49.459 -234.494 2.132 17.0
49.561 -234.503 2.08 4.0
49.875 -234.46 1.719 0.0
49.574 -234.566 1.766 3.0
49.383 -234.561 2.108 20.0
49.613 -234.504 1.79 15.0
49.758 -234.586 1.747 16.0
49.791 -234.399 1.749 10.0
49.661 -234.52 2.074 15.0
49.892 -234.566 1.823 20.0
49.621 -234.57500000000005 1.939 16.0
49.615 -234.61100000000002 2.121 16.0
49.651 -234.6 2.115 15.0
49.98300000000001 -234.481 2.097 15.0
49.901 -234.414 2.06 5.0
48.48300000000001 -233.821 1.377 1.0
49.472 -234.407 1.782 14.0
48.442 -233.787 1.388 7.0
48.485 -233.826 1.551 11.0
48.468 -233.826 1.602 11.0
49.211 -234.362 1.961 5.0
49.129 -233.75 1.681 1.0
48.42500000000001 -233.727 1.647 2.0
49.449 -234.487 2.075 15.0
48.996 -233.947 2.029 13.0
48.98900000000001 -233.939 2.053 16.0
49.747 -234.008 1.464 3.0
49.754 -233.965 1.514 6.0
49.366 -233.564 1.619 1.0
49.323 -233.528 1.537 1.0
49.683 -234.538 1.783 16.0
49.74 -234.523 1.776 21.0
49.346 -233.539 1.653 6.0
49.77 -234.408 1.802 0.0
49.93 -234.485 1.762 14.0
49.741 -233.96 1.789 5.0
49.978 -234.502 2.057 14.0
49.994 -234.5 2.05 9.0
49.781 -233.941 1.847 8.0
50.332 -234.163 1.097 15.0
48.46 -233.857 1.654 0.0
50.326 -234.197 1.141 15.0
50.452 -234.169 1.066 14.0
50.435 -234.158 1.072 9.0
49.188 -233.71800000000005 1.676 4.0
50.528 -234.161 1.124 11.0
48.998 -234.007 2.083 1.0
49.120000000000005 -233.728 1.749 3.0
49.746 -233.99 1.569 5.0
49.298 -233.517 1.565 3.0
49.296 -233.499 1.655 5.0
50.55000000000001 -234.164 1.166 10.0
50.418 -234.254 1.317 8.0
49.73900000000001 -233.952 1.753 8.0
50.485 -234.19 1.295 8.0
51.039 -234.237 1.057 5.0
51.134 -234.397 1.227 9.0
51.179 -234.383 1.228 8.0
51.146 -234.503 1.319 12.0
51.109 -234.383 1.283 6.0
51.307 -234.44400000000005 1.208 2.0
51.243 -234.403 1.215 12.0
50.463 -234.156 1.082 14.0
50.474 -234.201 1.125 12.0
50.48 -234.196 1.129 14.0
50.455 -234.32500000000005 1.203 12.0
51.264 -234.417 1.333 11.0
50.564 -234.17600000000004 1.208 7.0
51.154 -234.505 1.286 11.0
50.368 -234.119 1.137 19.0
50.472 -234.084 1.071 9.0
50.543 -234.052 1.08 16.0
50.55300000000001 -233.951 1.101 11.0
50.631 -233.898 1.066 15.0
50.79700000000001 -233.869 1.091 7.0
50.534 -234.082 1.212 10.0
50.456 -234.129 1.288 7.0
50.45 -234.134 1.053 12.0
50.579 -234.034 1.076 12.0
50.48300000000001 -234.06 1.097 10.0
50.707 -233.458 1.247 2.0
50.79400000000001 -233.881 1.05 8.0
50.85 -233.8 1.07 11.0
50.016 -234.384 1.406 4.0
50.01 -234.378 1.425 21.0
50.182 -234.37300000000002 1.392 6.0
50.022 -234.389 1.48 15.0
50.043 -234.433 1.547 10.0
50.066 -234.409 1.559 11.0
50.072 -234.368 1.538 15.0
50.07 -234.402 1.612 13.0
50.129 -234.37300000000002 1.558 12.0
50.154 -234.36100000000002 1.54 14.0
50.118 -234.39 1.608 15.0
50.46 -234.419 1.385 16.0
50.535 -234.37 1.431 11.0
50.011 -234.352 1.362 16.0
50.698 -234.405 1.347 14.0
50.639 -234.346 1.396 12.0
50.472 -234.298 1.5 8.0
50.695 -234.315 1.352 14.0
50.032 -234.24 1.425 10.0
50.764 -234.289 1.521 5.0
50.036 -234.37 1.537 15.0
50.66 -234.185 1.476 15.0
50.027 -234.364 1.537 16.0
50.686 -234.158 1.555 20.0
50.748 -234.20000000000005 1.656 7.0
50.006 -234.503 1.828 19.0
50.17800000000001 -234.454 1.767 13.0
50.132 -234.428 1.6 13.0
50.014 -234.527 1.908 18.0
50.05300000000001 -234.464 1.912 14.0
50.104 -234.448 1.846 14.0
50.627 -234.424 1.357 10.0
50.632 -234.429 1.396 4.0
50.525 -234.33700000000005 1.368 12.0
50.579 -234.17 1.338 7.0
50.498 -234.241 1.437 17.0
50.27 -234.473 2.112 4.0
50.75 -234.29 1.474 6.0
50.385 -234.49200000000002 2.042 8.0
50.781 -234.199 1.537 10.0
50.126 -234.616 2.055 5.0
50.812 -234.148 1.681 10.0
51.235 -234.356 1.337 8.0
51.494 -234.274 1.403 2.0
51.512 -234.276 1.379 1.0
50.014 -234.518 1.934 20.0
51.586 -234.17 1.382 4.0
50.171 -234.475 1.978 3.0
51.518 -234.221 1.47 4.0
51.441 -234.43800000000005 1.656 1.0
50.868 -234.476 1.747 5.0
50.396 -234.505 2.039 4.0
50.622 -233.973 1.493 11.0
50.631 -233.957 1.503 10.0
50.295 -234.329 2.078 13.0
50.667 -233.35 1.544 0.0
50.816 -234.23600000000002 1.652 6.0
50.703 -233.357 1.57 15.0
50.886 -234.125 1.553 8.0
50.873 -234.068 1.679 7.0
51.484 -234.481 1.651 11.0
51.475 -234.48000000000002 1.666 6.0
50.812 -234.501 1.747 4.0
50.772 -234.101 1.49 13.0
50.79400000000001 -234.126 1.532 13.0
50.834 -234.055 1.647 8.0
51.514 -234.125 1.382 5.0
48.505 -234.484 2.209 5.0
48.424 -234.383 2.202 5.0
48.496 -234.522 2.236 2.0
48.41900000000001 -234.418 2.284 17.0
48.427 -234.428 2.284 17.0
48.517 -234.342 2.211 32.0
48.432 -234.281 2.304 10.0
48.463 -234.376 2.445 5.0
48.485 -234.318 2.533 11.0
48.462 -234.241 2.618 10.0
48.518 -234.425 2.828 0.0
49.416 -234.685 2.207 16.0
49.528 -234.549 2.3 8.0
49.478 -234.513 2.183 13.0
49.545 -234.531 2.204 16.0
48.411 -234.389 2.266 0.0
48.438 -234.30700000000004 2.203 3.0
49.389 -234.58 2.687 13.0
48.434 -234.34900000000002 2.53 5.0
49.34 -234.579 2.789 1.0
48.499 -234.561 2.801 4.0
48.596 -233.857 2.229 5.0
48.627 -233.875 2.456 3.0
48.435 -234.385 2.725 2.0
48.478 -234.475 2.806 1.0
48.975 -233.97 2.172 20.0
48.45 -233.677 2.246 0.0
48.438 -233.68 2.28 4.0
49.379 -234.645 2.155 8.0
48.687 -233.889 2.553 8.0
49.73300000000001 -233.999 2.211 8.0
49.84 -234.008 2.402 10.0
49.932 -233.55100000000004 2.862 0.0
49.947 -233.547 2.929 3.0
49.471 -234.427 2.211 3.0
48.448 -234.374 2.985 8.0
48.78 -234.619 3.427 7.0
48.752 -234.029 3.126 1.0
49.334 -234.566 2.778 3.0
48.723 -233.661 3.015 16.0
48.761 -233.60500000000002 3.032 4.0
48.61 -233.928 2.505 1.0
48.96 -234.042 2.177 1.0
48.748 -233.615 3.091 4.0
48.996 -233.876 2.162 11.0
48.593 -233.93 2.618 4.0
49.939 -233.636 2.951 1.0
49.766 -233.997 2.158 5.0
49.905 -233.586 3.052 1.0
49.98 -233.57 3.095 4.0
49.895 -233.545 2.866 4.0
48.562 -234.586 2.934 10.0
49.987 -233.538 2.994 5.0
49.984 -233.51 3.017 1.0
50.25 -234.584 2.229 17.0
48.464 -234.336 2.953 4.0
49.86 -234.18800000000005 2.995 5.0
48.866 -234.003 3.119 8.0
50.073 -234.475 2.167 16.0
50.093 -234.49 2.163 3.0
50.256 -234.519 2.146 14.0
50.276 -234.522 2.148 10.0
50.373 -234.506 2.145 13.0
48.769 -233.602 3.011 5.0
50.431000000000004 -234.495 2.147 2.0
50.188 -233.54 2.872 4.0
48.454 -233.513 3.034 1.0
50.644 -234.473 2.961 3.0
49.947 -233.559 2.979 0.0
50.026 -233.964 2.961 6.0
50.007 -233.911 3.029 3.0
50.028 -233.496 3.078 1.0
50.276 -234.548 2.14 18.0
50.007 -233.422 3.062 1.0
50.103 -233.60500000000002 3.148 6.0
50.118 -233.656 3.256 2.0
50.045 -233.61 3.248 7.0
50.291 -234.399 2.147 6.0
50.042 -233.44400000000005 3.179 3.0
50.1 -233.485 2.851 13.0
50.099 -233.47 2.872 3.0
50.504 -234.348 3.048 1.0
50.656 -234.482 2.946 11.0
50.676 -234.459 2.969 9.0
50.148 -233.58700000000005 3.165 2.0
50.077 -233.572 3.235 2.0
50.061 -233.481 3.182 6.0
52.074 -233.762 1.047 8.0
52.081 -233.953 1.335 8.0
51.987 -233.657 1.057 3.0
52.036 -233.659 1.041 7.0
52.02 -233.74200000000002 1.331 1.0
52.087 -233.954 1.266 2.0
51.865 -233.787 1.544 3.0
51.903 -233.799 1.625 3.0
51.91 -233.669 1.055 8.0
51.869 -233.737 1.451 3.0
51.897 -233.685 1.566 4.0
51.97 -233.723 1.559 1.0
51.929 -233.673 1.627 10.0
51.917 -233.67 1.621 5.0
51.845 -233.644 1.635 8.0
51.961 -233.777 1.69 2.0
52.055 -233.951 1.346 9.0
51.86700000000001 -233.731 1.36 8.0
51.997 -233.714 1.604 2.0
48.549 -233.41 3.816 4.0
48.42 -233.49 4.212 7.0
48.439 -233.419 3.823 1.0
48.49200000000001 -233.433 3.896 6.0
48.423 -233.543 4.188 12.0
48.491 -233.451 4.188 0.0
58.182 -233.608 0.903 9.0
58.148 -233.35 0.909 2.0
58.28 -233.553 1.16 10.0
58.207 -233.731 1.32 35.0
58.206 -233.564 1.174 5.0
58.279 -233.738 1.304 48.0
58.21 -233.745 1.429 41.0
58.228 -233.827 1.7 9.0
58.163 -233.683 1.383 10.0
58.284 -233.717 1.349 45.0
58.281 -233.716 1.381 49.0
58.174 -233.672 1.708 5.0
58.307 -233.737 1.607 52.0
58.228 -233.59300000000005 1.616 7.0
58.197 -233.71800000000005 1.668 8.0
58.234 -233.507 1.62 1.0
58.307 -233.382 1.673 2.0
58.467 -233.358 1.613 0.0
58.293 -233.745 1.606 43.0
58.48 -233.386 1.613 1.0
58.36 -233.755 1.739 2.0
58.226 -233.709 2.066 23.0
58.143 -233.261 0.975 1.0
58.452 -233.078 1.166 1.0
58.311 -233.656 1.609 10.0
58.224 -233.74200000000002 1.703 41.0
58.278 -233.651 1.706 8.0
58.301 -233.401 1.63 3.0
58.252 -233.49200000000002 1.714 3.0
58.159 -233.759 1.752 31.0
58.277 -233.75 1.881 41.0
58.288 -233.767 1.995 14.0
58.202 -233.737 1.834 25.0
58.203 -233.698 2.058 22.0
58.091 -233.26 0.954 1.0
58.429 -233.148 1.109 2.0
58.466 -233.156 1.129 2.0
58.269 -233.323 1.633 2.0
58.311 -233.324 1.593 0.0
58.228 -233.323 1.68 2.0
58.30300000000001 -233.234 1.596 1.0
58.252 -233.328 1.721 2.0
58.295 -233.144 1.6 3.0
58.321 -233.142 1.631 4.0
58.279 -233.05700000000004 1.603 3.0
58.278 -233.841 2.155 9.0
58.359 -233.789 2.512 12.0
58.363 -233.853 2.593 34.0
58.354 -233.858 2.608 48.0
58.359 -233.86 2.62 41.0
58.276 -233.842 2.649 5.0
58.292 -233.933 2.759 43.0
58.395 -233.865 2.763 29.0
58.35 -233.966 2.936 43.0
58.35 -233.93 3.077 38.0
58.454 -233.894 3.091 41.0
58.463 -233.89 3.114 7.0
58.494 -233.885 3.229 27.0
58.351 -233.756 3.715 2.0
58.556000000000004 -233.881 3.423 32.0
58.573 -233.919 3.498 4.0
58.596 -233.918 3.568 16.0
58.304 -233.747 2.158 25.0
58.348 -233.893 2.72 39.0
58.30000000000001 -233.84 2.762 9.0
58.25 -233.99200000000002 2.994 28.0
58.248000000000005 -233.93 3.007 35.0
58.494 -233.886 3.174 26.0
58.545 -233.96800000000005 3.516 1.0
58.238 -233.639 3.639 29.0
58.35800000000001 -233.8 3.729 7.0
58.378 -233.771 3.758 1.0
58.695 -233.89 3.849 23.0
58.684000000000005 -233.945 3.961 4.0
58.498000000000005 -233.906 3.948 23.0
58.651 -233.842 4.005 7.0
58.585 -233.774 4.007 13.0
58.663 -233.775 4.071 3.0
58.627 -233.74800000000002 4.101 7.0
58.196 -233.592 3.731 24.0
58.682 -233.833 4.177 6.0
58.61700000000001 -233.621 4.484 28.0
58.775 -233.83100000000005 4.225 11.0
58.602 -233.528 4.575 29.0
58.665 -233.983 3.758 1.0
58.685 -233.89 3.793 14.0
58.657 -233.859 3.959 0.0
58.676 -233.793 3.961 22.0
58.676 -233.821 4.098 24.0
58.633 -233.756 4.178 0.0
58.761 -233.782 4.226 16.0
58.61 -233.63 4.56 7.0
58.61 -233.543 4.642 1.0
59.904 -220.713 6.308 46.0
59.905 -220.612 6.302 50.0
59.878 -220.568 6.255 46.0
59.894 -220.476 6.252 50.0
59.924 -220.418 6.293 3.0
59.897 -220.379 6.248 52.0
59.935 -220.512 6.344 16.0
59.821 -219.997 6.291 40.0
59.823 -219.887 6.283 47.0
59.84 -219.887 6.308 2.0
59.897 -219.698 6.216 51.0
59.842 -219.793 6.304 31.0
59.895 -219.794 6.22 56.0
59.842 -219.60500000000002 6.297 51.0
59.911 -219.595 6.223 35.0
59.866 -220.662 6.258 45.0
59.827 -219.558 6.258 3.0
59.846 -219.993 6.244 25.0
59.899 -219.989 6.229 56.0
59.893 -219.89 6.224 56.0
59.848 -219.701 6.301 53.0
59.893 -219.693 6.228 46.0
44.868 -234.95600000000005 8.371 0.0
45.009 -234.98600000000002 8.344 1.0
44.924 -234.945 8.378 1.0
45.61 -235.05 8.136000000000001 3.0
45.665 -235.06 8.127 1.0
42.999 -234.636 8.907 3.0
43.076 -234.653 8.902000000000001 4.0
43.132 -234.644 8.877 2.0
43.619 -234.703 8.659 4.0
43.95 -234.80100000000004 8.656 2.0
43.638 -234.75 8.726 3.0
44.296 -234.827 8.519 1.0
43.671 -234.737 8.693 3.0
47.692 -234.842 13.164 8.0
47.676 -234.863 13.192 8.0
47.681000000000004 -234.815 13.101 4.0
47.734 -234.769 13.166 7.0
52.29700000000001 -240.988 12.935 14.0
52.265 -241.102 13.014000000000001 11.0
52.24200000000001 -241.018 12.992 12.0
50.235 -235.142 10.806 5.0
50.167 -235.046 10.718 11.0
50.18 -235.046 10.75 5.0
50.245000000000005 -235.04 10.812 6.0
50.18 -235.133 10.902000000000003 2.0
50.112 -235.072 10.717 6.0
50.262 -235.06300000000005 10.828 5.0
51.037 -234.607 10.884 3.0
50.74200000000001 -240.71800000000005 14.142 4.0
51.663 -241.156 13.477 7.0
51.641 -241.115 13.525 4.0
52.197 -240.317 17.281 6.0
-5.647 -249.459 1.897 8.0
-5.72 -249.29 1.928 4.0
-5.546 -249.485 1.9 6.0
-5.488 -249.392 1.904 3.0
-5.508 -249.33700000000005 1.979 6.0
-5.675 -249.294 1.93 4.0
-2.388 -241.785 1.589 9.0
-2.399 -241.628 1.52 8.0
-2.459 -241.43 1.497 7.0
-2.496 -241.452 1.591 8.0
0.851 -241.704 1.485 22.0
-2.432 -241.541 1.494 8.0
-2.455 -241.493 1.519 9.0
-2.503 -241.341 1.593 8.0
-2.445 -241.257 1.522 8.0
-2.442 -241.138 1.524 8.0
-2.498 -241.229 1.595 8.0
-2.435 -241.251 1.55 7.0
-2.542 -241.097 1.551 7.0
-2.139 -240.943 1.541 7.0
-2.032 -240.896 1.531 3.0
-0.964 -240.475 1.369 2.0
-0.828 -240.178 1.622 6.0
-0.822 -239.964 1.624 8.0
-0.801 -240.091 1.633 7.0
-0.77 -240.077 1.625 8.0
-0.792 -239.984 1.634 9.0
-0.814 -239.871 1.634 4.0
-0.807 -239.859 1.625 9.0
-0.765 -239.77 1.637 11.0
-1.001 -239.521 1.503 5.0
-0.969 -239.416 1.504 9.0
-0.756 -239.65 1.627 11.0
-0.771 -239.66 1.638 12.0
-0.777 -239.55 1.638 11.0
-0.786 -239.439 1.639 11.0
-0.811 -239.326 1.639 13.0
-0.879 -239.23000000000002 1.478 9.0
-0.937 -239.196 1.504 13.0
-0.925 -239.085 1.505 13.0
-2.515 -241.209 1.503 8.0
-0.858 -239.078 1.441 7.0
-2.508 -241.098 1.508 8.0
-2.519 -241.207 1.545 7.0
-0.885 -239.125 1.523 11.0
-2.485 -241.118 1.597 8.0
-0.831 -239.294 1.554 14.0
-1.042 -239.738 1.501 9.0
-0.855 -239.19 1.56 13.0
-0.996 -240.467 1.422 3.0
-0.915 -239.091 1.564 11.0
-0.764 -239.756 1.627 10.0
-1.02 -239.63 1.502 9.0
-0.891 -239.405 1.486 5.0
-0.767 -239.541 1.627 11.0
-0.783 -239.43200000000004 1.627 11.0
-0.946 -239.308 1.504 12.0
-0.922 -239.284 1.531 8.0
-0.847 -239.189 1.441 16.0
-0.842 -239.07500000000005 1.471 6.0
-0.802 -239.322 1.627 4.0
7.125 -205.846 1.248 18.0
7.101 -205.542 1.042 20.0
7.129 -205.766 1.254 19.0
7.122 -205.689 1.258 18.0
7.09 -205.153 1.102 20.0
7.083 -205.0 1.067 18.0
7.09 -204.998 1.108 19.0
7.091 -204.921 1.111 14.0
7.093 -204.82500000000005 1.104 19.0
7.892 -205.467 1.544 18.0
8.479000000000001 -205.594 1.743 5.0
8.476 -205.521 1.747 6.0
7.09 -205.231 1.099 20.0
7.086 -205.077 1.063 19.0
7.09 -205.076 1.105 20.0
7.086 -205.058 1.096 18.0
7.081 -204.923 1.07 11.0
7.883 -205.43800000000005 1.501 18.0
7.883 -205.589 1.494 18.0
8.433 -205.598 1.716 4.0
8.479000000000001 -205.668 1.739 4.0
8.473 -205.447 1.751 6.0
7.891 -205.317 1.55 18.0
7.886 -205.242 1.553 19.0
7.882000000000001 -205.091 1.559 19.0
7.87 -204.988 1.521 18.0
7.882000000000001 -205.166 1.556 18.0
8.47 -205.374 1.755 6.0
42.745 -234.594 0.531 37.0
42.715 -234.592 0.504 33.0
42.311 -234.662 0.6 39.0
42.414 -234.659 0.611 34.0
42.312 -234.558 0.621 37.0
42.39 -234.61100000000002 0.611 33.0
42.377 -234.56 0.612 39.0
42.277 -234.684 0.615 37.0
42.317 -234.63 0.599 40.0
42.308 -234.601 0.602 40.0
42.339 -234.598 0.618 35.0
42.607 -234.667 0.568 37.0
42.482 -234.544 0.598 37.0
42.423 -234.547 0.606 34.0
42.60800000000001 -234.64 0.549 37.0
42.628 -234.595 0.563 39.0
42.543 -234.554 0.582 38.0
42.581 -234.576 0.573 40.0
42.62 -234.547 0.584 38.0
42.773 -234.664 0.552 31.0
42.693 -234.61 0.549 38.0
42.691 -234.619 0.565 31.0
42.698 -234.586 0.568 35.0
42.73900000000001 -234.572 0.575 26.0
42.778 -234.603 0.591 36.0
42.751 -234.572 0.595 35.0
42.738 -234.566 0.594 34.0
42.57 -234.615 0.584 35.0
42.621 -234.549 0.61 36.0
42.7 -234.656 0.568 37.0
42.639 -234.574 0.58 37.0
42.676 -234.562 0.603 38.0
42.73900000000001 -234.637 0.559 29.0
42.732 -234.609 0.561 34.0
42.424 -234.457 0.631 39.0
42.527 -234.47400000000002 0.551 35.0
42.545 -234.521 0.581 38.0
42.604 -234.503 0.543 38.0
42.54 -234.489 0.583 36.0
42.581 -234.49200000000002 0.592 33.0
42.587 -234.454 0.59 40.0
42.509 -234.407 0.628 35.0
42.795 -234.505 0.559 39.0
42.444 -234.464 0.561 36.0
42.465 -234.493 0.628 37.0
42.434 -234.454 0.612 36.0
42.59 -234.524 0.59 38.0
42.704 -234.527 0.584 37.0
42.706 -234.494 0.586 35.0
58.479 -235.31300000000005 0.143 29.0
59.144 -235.022 0.133 29.0
59.278 -235.246 0.207 30.0
59.292 -235.161 0.209 30.0
59.237 -235.11700000000002 0.146 28.0
59.196 -235.021 0.153 16.0
59.206 -235.269 0.124 31.0
55.43 -232.717 0.529 33.0
55.452 -232.699 0.518 34.0
55.679 -232.538 0.517 35.0
57.9 -232.96800000000005 0.533 13.0
57.931000000000004 -232.937 0.529 16.0
57.942 -232.851 0.531 10.0
55.342 -232.673 0.531 38.0
57.92200000000001 -233.06 0.53 14.0
57.895 -232.865 0.535 12.0
60.322 -232.272 0.532 4.0
58.013 -233.112 0.52 14.0
60.433 -232.429 0.518 1.0
60.44 -232.419 0.523 1.0
60.372 -232.346 0.53 1.0
60.446 -231.899 0.528 3.0
60.48600000000001 -231.914 0.524 11.0
60.487 -231.815 0.525 10.0
60.523 -231.604 0.525 0.0
59.86 -230.358 0.458 12.0
60.105 -230.385 0.401 2.0
60.029 -230.34300000000005 0.477 23.0
60.42 -230.418 0.365 19.0
60.48 -230.364 0.412 19.0
60.285 -232.185 0.538 12.0
60.293 -232.186 0.515 2.0
60.295 -232.18 0.538 10.0
60.365 -231.763 0.537 2.0
60.853 -229.368 0.491 55.0
60.384 -232.376 0.451 2.0
60.379 -232.35 0.525 2.0
60.497 -231.555 0.53 9.0
60.055 -230.377 0.41 14.0
60.152 -230.356 0.452 12.0
60.141 -230.333 0.474 30.0
54.188 -232.25 0.649 34.0
54.105 -232.193 0.728 41.0
54.258 -232.165 0.621 38.0
54.363 -232.18800000000005 0.671 21.0
54.165 -232.18200000000004 0.762 42.0
54.19 -232.16 0.747 42.0
54.66 -232.186 0.842 48.0
54.693 -232.155 0.849 48.0
54.238 -232.259 0.629 32.0
54.335 -232.163 0.741 22.0
54.575 -232.153 0.943 24.0
55.241 -232.64 0.543 38.0
55.274 -232.561 0.631 26.0
55.287 -232.591 0.618 8.0
54.947 -232.729 0.543 29.0
55.257 -232.671 0.578 37.0
55.843 -232.72 0.552 33.0
55.86 -232.699 0.562 24.0
55.857 -232.69400000000005 0.594 2.0
55.956 -232.747 0.539 29.0
54.838 -232.179 0.591 10.0
54.806000000000004 -232.17600000000004 0.826 46.0
54.956 -232.164 0.809 39.0
54.832 -232.172 0.92 43.0
54.886 -232.113 0.645 14.0
54.86 -232.133 0.671 33.0
54.856 -232.142 0.911 48.0
55.25 -232.118 0.935 36.0
55.33 -232.11 0.922 35.0
55.57 -232.083 0.9 17.0
54.902 -232.214 0.665 9.0
54.937 -232.145 0.97 21.0
55.129 -232.161 0.89 29.0
54.884 -232.128 0.858 31.0
55.144 -232.13 0.981 26.0
55.277 -232.132 0.864 4.0
55.337 -232.116 0.94 2.0
55.969 -232.348 0.929 22.0
56.04 -232.284 0.916 18.0
55.304 -232.113 0.963 33.0
55.694 -232.052 0.963 6.0
55.622 -232.523 0.59 27.0
56.04 -232.292 0.87 10.0
57.071 -232.092 0.805 17.0
57.93 -232.151 0.934 30.0
57.474 -232.106 0.684 28.0
57.453 -232.10500000000002 0.688 34.0
57.429 -232.104 0.737 11.0
57.461 -232.11700000000002 0.719 31.0
57.54400000000001 -232.114 0.679 27.0
57.616 -232.124 0.668 27.0
57.634 -232.125 0.698 28.0
57.775 -232.12 0.65 25.0
57.758 -232.11700000000002 0.654 26.0
57.771 -232.129 0.683 25.0
57.92 -232.136 0.633 26.0
57.79 -232.121 0.679 25.0
57.937000000000005 -232.138 0.694 26.0
57.689 -232.13 0.804 32.0
57.701 -232.129 0.887 31.0
57.84 -232.133 0.787 36.0
57.538 -232.106 0.818 14.0
57.962 -232.145 0.77 30.0
57.616 -232.12300000000002 0.701 31.0
57.869 -232.132 0.868 31.0
57.892 -232.138 0.895 32.0
57.683 -232.132 0.734 33.0
57.929 -232.135 0.662 26.0
57.927 -232.136 0.665 27.0
57.543 -232.113 0.942 33.0
57.238 -232.058 0.941 5.0
58.746 -234.568 0.716 5.0
58.761 -234.58700000000005 0.647 4.0
58.746 -234.558 0.638 5.0
58.08 -232.155 0.678 26.0
58.065 -232.158 0.766 31.0
58.057 -232.141 0.621 41.0
58.074 -232.139 0.616 40.0
58.002 -232.139 0.667 31.0
58.161 -232.146 0.679 26.0
58.234 -232.138 0.626 28.0
58.253 -232.136 0.658 18.0
58.238 -232.135 0.723 19.0
57.987 -232.142 0.77 31.0
58.033 -232.142 0.849 31.0
58.051 -232.143 0.842 26.0
58.061 -232.133 0.875 31.0
58.206 -232.119 0.802 23.0
58.072 -232.146 0.645 36.0
58.17 -232.15 0.883 23.0
58.232 -232.145 0.748 22.0
60.354 -232.305 0.573 2.0
60.336 -232.306 0.637 1.0
60.301 -232.223 0.643 5.0
60.355 -232.257 0.812 6.0
60.481 -232.469 0.542 1.0
60.383 -232.386 0.631 1.0
60.378 -232.334 0.829 120.0
60.278 -232.155 0.571 10.0
60.323 -232.308 0.741 1.0
60.272 -232.137 0.647 3.0
60.4 -232.416 0.658 4.0
60.426 -232.334 0.855 1.0
60.466 -231.771 0.599 6.0
60.363 -231.746 0.58 2.0
60.487 -231.565 0.571 11.0
60.371 -231.71 0.61 2.0
58.519 -216.409 0.892 9.0
58.514 -216.419 0.933 54.0
58.525 -216.334 0.937 13.0
58.478 -216.332 0.898 6.0
58.466 -216.086 0.909 5.0
61.049 -203.586 0.02 10.0
61.05300000000001 -203.55100000000004 0.001 11.0
61.086 -203.458 0.002 11.0
58.701 -215.759 0.617 1.0
58.909 -215.604 0.903 1.0
59.92500000000001 -202.357 0.156 43.0
59.92500000000001 -202.35500000000002 0.163 33.0
