22.545 -16.131 4.822 1.0
22.537 -16.16 4.897 1.0
22.474 -16.078 4.847 0.0
22.478 -16.063 4.848 0.0
22.244 -15.818 5.271 0.0
22.173 -15.774 5.294 2.0
22.16 -15.747 5.318000000000001 0.0
22.627 -16.168 5.348 2.0
22.242 -15.848 5.34 2.0
19.953 -14.128 5.221 1.0
22.509 -16.189 4.919 2.0
22.55 -16.192 5.265 2.0
22.591 -16.094 5.298 1.0
22.219 -15.874 5.334000000000001 2.0
19.929000000000006 -14.030000000000001 5.247 1.0
32.086 -18.944 -1.523 2.0
32.048 -18.935 -1.511 6.0
25.215 -18.194 5.149 1.0
25.572 -18.57 4.63 0.0
25.683 -18.601 4.638 0.0
25.917 -18.802 4.637 2.0
27.287 -19.861 5.155 3.0
27.299 -19.866 5.165 1.0
27.842000000000002 -20.344 4.608000000000001 0.0
27.863 -20.363 4.645 0.0
27.814 -20.329 4.659 2.0
27.783 -20.29 4.626 2.0
26.79 -19.489 4.626 1.0
25.281 -18.265 5.159 1.0
31.252 -23.063 5.018 2.0
29.677 -21.756 5.276 2.0
29.679000000000006 -21.755 5.303 2.0
27.226 -19.814 5.183 1.0
29.438000000000002 -21.581 5.216 1.0
29.513 -21.573 5.248 0.0
31.653000000000002 -23.423 5.455 1.0
31.549 -23.326 5.44 1.0
31.136 -22.941 5.402 2.0
31.117 -22.912 5.381 0.0
31.36 -23.236 5.415 1.0
27.762 -20.264 4.627 1.0
31.448 -23.252 5.429 1.0
24.474 -17.66 4.721 1.0
26.833 -19.546 4.656 0.0
24.301 -17.472 5.174 2.0
23.629 -17.01 4.771 0.0
23.646 -17.009 4.729 0.0
23.318 -16.806 4.785 1.0
23.197 -16.582 5.221 0.0
23.289 -16.638 5.239 0.0
23.231 -16.602 5.239 1.0
23.72 -17.058 4.757 1.0
23.857 -17.21 5.174 1.0
29.493000000000006 -21.596 5.208 3.0
23.867 -17.185 5.292 2.0
23.906 -17.23 5.23 1.0
24.693 -17.917 4.677 1.0
24.884 -17.954 4.694 0.0
31.349 -23.182000000000006 5.419 2.0
24.567 -17.727 4.685 1.0
31.754 -23.492 5.465 1.0
30.12 -22.101 5.362 2.0
31.058 -22.88 5.392 1.0
24.44 -17.561 5.254 1.0
23.553 -17.023 4.732 0.0
24.856 -17.999 5.15 1.0
23.379 -16.858 4.787 2.0
24.795 -17.918 5.176 1.0
23.263 -16.633 5.196 1.0
24.936 -17.952 5.184 0.0
23.724 -17.111 5.17 1.0
24.536 -17.722 4.663 0.0
24.916 -17.991 4.635 0.0
12.002 -30.897000000000006 14.606 13.0
12.959 -29.668 14.44 21.0
13.108 -29.650000000000006 14.423 16.0
12.935 -29.771 14.579 23.0
13.027000000000003 -29.75 14.527000000000003 19.0
13.06 -29.696 14.503 21.0
12.994 -29.686 14.604 21.0
12.997 -29.658 14.469 26.0
13.043000000000003 -29.592000000000002 14.48 18.0
12.864 -29.759 14.637 25.0
12.984 -29.668 14.572 26.0
13.084 -29.689 14.583 23.0
36.42500000000001 -24.705 3.017 28.0
36.405 -24.658 3.048 18.0
36.441 -24.637 3.115 26.0
36.436 -24.645 3.124 39.0
36.424 -24.623 3.11 33.0
36.428 -24.692 3.16 38.0
36.449 -24.724 3.253 43.0
36.432 -24.608 3.145 24.0
36.445 -24.63 3.259 29.0
36.549 -24.69 3.067 13.0
36.465 -24.587 2.995 19.0
36.502 -24.721 3.148 22.0
36.454 -24.667 3.134 46.0
36.42500000000001 -24.62 3.078 32.0
36.443 -24.658 3.151 26.0
36.434 -24.652 3.151 26.0
36.429 -24.649 3.151 13.0
36.438 -24.667 3.155 42.0
36.453 -24.709 3.126 36.0
36.463 -24.714000000000006 3.14 46.0
36.478 -24.72 3.139 27.0
36.341 -21.313 -0.901 15.0
36.319 -21.298 -0.867 45.0
36.347 -21.301 -0.858 35.0
36.344 -21.297 -0.862 47.0
36.337 -21.405 -0.768 39.0
36.342 -21.382 -0.799 38.0
36.337 -21.376 -0.767 43.0
36.339 -21.379 -0.764 38.0
36.362 -21.314 -0.85 11.0
36.366 -21.314 -0.823 30.0
36.363 -21.339000000000006 -0.79 42.0
36.355 -21.332 -0.794 36.0
36.331 -21.427 -0.726 39.0
36.328 -21.425 -0.71 41.0
36.345 -21.429000000000006 -0.7 45.0
36.334 -21.42 -0.684 22.0
36.325 -21.429000000000006 -0.673 18.0
36.33 -21.353 -0.867 36.0
36.325 -21.34 -0.855 24.0
36.352 -21.332 -0.836 37.0
36.32 -21.315 -0.833 44.0
36.331 -21.337 -0.802 57.0
36.327 -21.455 -0.712 38.0
36.336 -21.458 -0.711 21.0
36.328 -21.472 -0.693 35.0
36.322 -21.489 -0.665 32.0
36.34 -21.479 -0.671 31.0
36.341 -21.464000000000006 -0.675 32.0
36.334 -21.45 -0.669 42.0
36.372 -21.702 -0.386 2.0
36.371 -21.722 -0.381 12.0
36.354 -21.715 -0.353 6.0
36.369 -21.713 -0.352 6.0
36.41900000000001 -21.699 -0.322 2.0
36.385 -21.754 -0.308 0.0
36.38 -21.764 -0.294 0.0
36.333 -21.524 -0.637 24.0
36.328 -21.515 -0.656 31.0
36.339 -21.517 -0.634 18.0
36.334 -21.528 -0.615 50.0
36.343 -21.499 -0.615 34.0
36.324 -21.539 -0.604 54.0
36.329 -21.526 -0.59 34.0
36.339 -21.502 -0.607 47.0
36.346 -21.541 -0.576 33.0
36.355 -21.539 -0.594 33.0
36.364 -21.502 -0.605 32.0
36.356 -21.51 -0.588 42.0
36.365 -21.505 -0.577 15.0
36.338 -21.652 -0.526 31.0
36.348 -21.634 -0.544 22.0
36.342 -21.611 -0.537 27.0
36.349 -21.594 -0.538 39.0
36.329 -21.622 -0.524 41.0
36.337 -21.618000000000006 -0.509 35.0
36.345 -21.672 -0.486 28.0
36.325 -21.645 -0.472 24.0
36.336 -21.650000000000006 -0.463 52.0
36.349 -21.637 -0.505 23.0
36.333 -21.604 -0.5 63.0
36.342 -21.632 -0.473 37.0
36.38 -21.674 -0.468 18.0
36.328 -21.59 -0.507 41.0
36.338 -21.485 -0.652 39.0
36.339 -21.457 -0.651 59.0
36.365 -21.705 -0.425 20.0
36.324 -21.642 -0.434 1.0
36.338 -21.625 -0.449 48.0
36.363 -21.657 -0.442 25.0
36.367 -21.639 -0.455 1.0
36.362 -21.693 -0.43 11.0
36.436 -21.662 -0.327 1.0
36.371 -21.678 -0.425 5.0
36.363 -21.654 -0.429 43.0
36.389 -21.667 -0.623 24.0
36.333 -21.569 -0.594 19.0
36.341 -21.545 -0.604 8.0
36.345 -21.548 -0.579 31.0
36.355 -21.508 -0.618 31.0
36.363 -21.494 -0.611 43.0
36.364 -21.604 -0.505 34.0
36.331 -21.583 -0.557 45.0
36.341 -21.585 -0.558 6.0
36.348 -21.569 -0.55 23.0
36.328 -21.579 -0.535 31.0
36.332 -21.553 -0.555 33.0
36.345 -21.561 -0.537 41.0
36.346 -21.475 -0.606 29.0
36.33 -21.658 -0.45 53.0
36.337 -21.69 -0.414 41.0
36.352 -21.689 -0.417 33.0
36.405 -21.659 -0.44 10.0
36.313 -21.316 -0.221 4.0
36.364 -21.541 0.13 4.0
36.362 -21.448 -0.02 5.0
36.359 -21.483 0.031 7.0
36.4 -21.334 -0.232 1.0
36.368 -21.436 -0.049 3.0
36.349 -21.615 0.234 5.0
36.37 -21.545 0.148 6.0
36.34 -20.578 -1.655 24.0
36.303 -20.739 -1.523 33.0
36.304 -20.733 -1.527 31.0
36.304 -20.741 -1.512 35.0
36.304 -20.711000000000006 -1.522 61.0
36.319 -20.741 -1.495 43.0
36.34 -20.718 -1.484 45.0
36.306 -20.654 -1.566 50.0
36.329 -20.626 -1.581 47.0
36.288 -20.694 -1.552 27.0
36.322 -20.646 -1.538 38.0
36.357 -21.015 -1.258 15.0
36.36 -20.976 -1.28 18.0
36.354 -20.954 -1.26 40.0
36.355 -20.925 -1.285 36.0
36.326 -21.12 -1.185 2.0
36.321 -21.153 -1.064 39.0
36.342 -21.128 -1.097 6.0
36.342 -21.14 -1.074 27.0
36.329 -21.131 -1.076 47.0
36.351 -21.12 -1.075 42.0
36.33 -21.1 -1.076 45.0
36.328 -21.103 -1.075 39.0
36.299 -20.701 -1.546 47.0
36.284 -20.71 -1.541 32.0
36.275 -20.724 -1.528 20.0
36.296 -20.703 -1.527 35.0
36.291 -20.769 -1.483 26.0
36.318 -21.036 -1.186 40.0
36.328 -21.03 -1.181 38.0
36.352 -21.013 -1.197 30.0
36.32 -21.033 -1.168 45.0
36.355 -21.035 -1.224 15.0
36.302 -20.683 -1.574 17.0
36.312 -20.58 -1.65 52.0
36.331 -20.565 -1.652 43.0
36.309 -20.673 -1.538 62.0
36.309 -20.67 -1.547 31.0
36.317 -20.979 -1.231 49.0
36.314 -20.951 -1.233 24.0
36.327 -20.98 -1.217 36.0
36.296 -20.918 -1.254 19.0
36.347 -21.062 -1.13 31.0
36.321 -20.951 -1.259 38.0
36.316 -20.906 -1.305 31.0
36.319 -20.924 -1.258 51.0
36.339 -20.937 -1.258 45.0
36.31 -20.902 -1.272 17.0
36.326 -21.072 -1.106 56.0
36.346 -21.086000000000006 -1.092 36.0
36.35 -21.081 -1.093 46.0
36.299 -21.185 -1.181 15.0
36.306 -20.856 -1.398 38.0
36.313 -20.853 -1.388 42.0
36.331 -20.857 -1.39 38.0
36.307 -20.86 -1.369 72.0
36.301 -20.875 -1.346 48.0
36.30000000000001 -20.895 -1.318 26.0
36.313 -20.889 -1.338 35.0
36.305 -20.879 -1.331 33.0
36.327 -20.872 -1.337 50.0
36.305 -20.86 -1.337 37.0
36.341 -20.885 -1.328 34.0
36.304 -20.87 -1.308 25.0
36.321 -20.699 -1.305 5.0
36.286 -20.684 -1.405 4.0
36.355 -21.13 -1.139 8.0
36.359 -21.111 -1.121 12.0
36.35 -21.033 -1.211 18.0
36.318 -21.012 -1.218 36.0
36.312 -21.007 -1.216 66.0
36.392 -20.784 -1.233 2.0
36.392 -21.063 -1.175 12.0
36.314 -20.801 -1.412 48.0
36.372 -19.705 -1.27 13.0
36.315 -20.823 -1.388 41.0
36.321 -20.827 -1.385 40.0
36.344 -20.818 -1.396 25.0
36.314 -20.826 -1.38 19.0
36.368 -20.879 -1.359 15.0
36.349 -20.784 -1.441 36.0
36.33 -20.796 -1.42 39.0
36.331 -20.789 -1.421 36.0
36.274 -20.835 -1.299 6.0
36.339 -19.786 -1.181 15.0
36.29 -19.715 -1.195 47.0
36.285 -19.739 -1.157 42.0
36.295 -19.748 -1.168 50.0
36.299 -19.722 -1.172 48.0
36.301 -19.72 -1.168 33.0
36.411 -20.875 -1.222 3.0
36.36 -19.788 -1.196 13.0
36.386 -20.833 -1.103 1.0
36.29400000000001 -19.751 -1.155 38.0
36.30000000000001 -19.767 -1.109 63.0
36.281 -19.746 -1.141 24.0
36.273 -19.77 -1.086 10.0
36.307 -19.782 -1.096 32.0
36.317 -19.741 -1.194 25.0
36.321 -19.724 -1.192 45.0
36.31 -19.71 -1.183 45.0
36.317 -19.813 -1.067 29.0
36.316 -19.756 -1.138 40.0
36.35 -19.793 -1.108 24.0
36.272 -19.515 -1.511 7.0
36.301 -19.502 -1.502 44.0
36.285 -19.535 -1.479 33.0
36.287 -19.507 -1.479 51.0
36.252 -19.423 -1.614 19.0
36.273 -19.417 -1.635 42.0
36.271 -19.448 -1.608 39.0
36.257 -19.444 -1.584 34.0
36.291 -19.43 -1.572 92.0
36.279 -19.448 -1.563 34.0
36.279 -19.488 -1.524 38.0
36.281 -19.477 -1.525 44.0
36.287 -19.456 -1.528 49.0
36.316 -19.465 -1.535 42.0
36.273 -19.497 -1.497 43.0
36.311 -19.498 -1.495 34.0
36.304 -19.486 -1.499 47.0
36.275 -19.38 -1.675 28.0
36.301 -19.357 -1.655 60.0
36.278 -19.618000000000006 -1.438 19.0
36.28 -19.612 -1.359 46.0
36.276 -19.587 -1.411 37.0
36.281 -19.589 -1.408 21.0
36.27 -19.564 -1.421 23.0
36.275 -19.472 -1.556 36.0
36.298 -19.554000000000006 -1.419 56.0
36.266 -19.458 -1.559 27.0
36.299 -19.456 -1.563 33.0
36.311 -19.527 -1.419 33.0
36.289 -19.581 -1.368 45.0
36.285 -19.392 -1.635 40.0
36.278 -19.388 -1.635 42.0
36.272 -19.375 -1.635 25.0
36.285 -19.364 -1.634 46.0
36.265 -19.605 -1.332 19.0
36.283 -19.612 -1.339 41.0
36.312 -19.631 -1.321 42.0
36.314 -19.619 -1.308 17.0
36.287 -19.629 -1.323 53.0
36.277 -19.609 -1.323 42.0
36.293 -19.603 -1.325 57.0
36.32 -19.653 -1.287 32.0
36.31 -19.678 -1.266 31.0
36.349 -19.678 -1.259 27.0
36.327 -19.639 -1.283 39.0
36.303 -19.648 -1.264 59.0
36.302 -19.599 -1.349 8.0
36.278 -19.6 -1.325 25.0
36.318 -19.67 -1.238 42.0
36.326 -19.677 -1.227 38.0
36.29 -19.534 -1.417 23.0
36.337 -19.591 -1.358 22.0
36.315 -19.599 -1.349 35.0
36.311 -19.585 -1.34 49.0
36.345 -21.195 -0.999 39.0
36.32 -21.169 -1.04 34.0
36.348 -21.176 -1.021 32.0
36.338 -21.164 -1.022 44.0
36.344 -21.165 -1.007 36.0
36.357 -21.145 -1.04 22.0
36.32 -21.272000000000006 -0.91 71.0
36.332 -21.276 -0.92 32.0
36.314 -21.254 -0.931 33.0
36.327 -21.254 -0.921 50.0
36.364 -21.246000000000006 -0.913 23.0
36.317 -21.276 -0.898 22.0
36.349 -21.289 -0.888 41.0
36.328 -21.257 -0.891 24.0
36.387 -21.284 -0.894 19.0
36.331 -20.932000000000006 -0.9 3.0
36.352 -21.109 -0.573 7.0
36.36100000000001 -21.204 -0.466 2.0
36.34 -21.22 -0.397 4.0
36.369 -21.22 -0.436 2.0
36.346 -21.274 -0.326 5.0
36.365 -21.225 -0.357 4.0
36.411 -20.013 -0.908 5.0
36.323 -21.226 -0.954 41.0
36.331 -21.218 -0.955 43.0
36.334 -21.224 -0.919 51.0
36.334 -21.212 -0.929 21.0
36.353 -21.224 -0.927 45.0
36.285 -19.902 -0.951 33.0
36.298 -19.928 -0.907 40.0
36.29700000000001 -19.957 -0.86 52.0
36.312 -19.968 -0.897 1.0
36.343 -19.977 -0.877 19.0
36.288 -19.927 -0.899 21.0
36.293 -19.949 -0.873 47.0
36.30000000000001 -19.936 -0.867 39.0
36.30000000000001 -19.93 -0.864 66.0
36.366 -20.937 -0.895 2.0
36.341 -21.081 -0.665 4.0
36.337 -21.07 -0.66 2.0
36.29700000000001 -19.804000000000006 -1.053 47.0
36.29700000000001 -19.838 -1.014 49.0
36.316 -20.866 -0.944 1.0
36.343 -21.096 -0.62 5.0
36.355 -21.121 -0.582 5.0
36.293 -19.864 -0.985 45.0
36.309 -21.048 -0.628 2.0
36.292 -19.86 -0.978 42.0
36.309 -19.898 -0.987 27.0
36.324 -19.874 -1.0 23.0
36.319 -19.896 -0.963 14.0
36.329 -19.849 -0.965 35.0
36.324 -19.791 -1.056 37.0
36.307 -19.891 -0.955 34.0
36.322 -19.885 -0.953 36.0
36.375 -21.252 -0.332 3.0
36.313 -19.863 -0.954 46.0
36.333 -19.885 -0.907 41.0
36.452 -21.28 -0.941 9.0
36.326 -20.104 -0.665 32.0
36.225 -19.95 -0.851 9.0
36.242 -20.053 -0.745 5.0
36.259 -20.012 -0.783 17.0
36.312 -20.006 -0.804 18.0
36.319 -20.006 -0.766 35.0
36.34 -19.957 -0.847 23.0
36.332 -19.957 -0.842 39.0
36.325 -19.982 -0.809 40.0
36.325 -19.961000000000006 -0.832 39.0
36.317 -19.947 -0.846 37.0
36.309 -19.985 -0.8 54.0
36.301 -20.076 -0.708 38.0
36.301 -20.049 -0.714 45.0
36.305 -20.039 -0.745 41.0
36.311 -20.02 -0.744 44.0
36.324 -20.02 -0.74 40.0
36.307 -20.021 -0.711 70.0
36.329 -19.914 -0.899 33.0
36.316 -19.939 -0.865 41.0
36.29400000000001 -20.055 -0.697 27.0
36.267 -20.06 -0.68 5.0
36.333 -19.914 -0.865 36.0
36.304 -20.048 -0.707 49.0
36.319 -20.039 -0.704 46.0
36.304 -19.845 -1.035 43.0
36.303 -19.815 -1.034 33.0
36.331 -19.819 -1.039 21.0
36.325 -19.839000000000006 -1.017 44.0
36.328 -19.833 -1.02 39.0
36.318 -19.811 -1.023 47.0
36.332 -20.102 -0.648 8.0
36.307 -20.125 -0.624 19.0
36.316 -20.125 -0.63 16.0
36.35 -20.105 -0.629 28.0
36.316 -20.127 -0.603 24.0
36.322 -20.136 -0.595 34.0
36.35 -20.102 -0.604 18.0
36.322 -20.14 -0.564 36.0
36.328 -20.139 -0.577 28.0
36.335 -20.129 -0.572 46.0
36.312 -20.207 -0.523 9.0
36.285 -20.214000000000006 -0.482 7.0
36.30000000000001 -20.222 -0.475 29.0
36.312 -20.214000000000006 -0.493 39.0
36.318 -20.215 -0.485 39.0
36.31 -20.2 -0.489 49.0
36.328 -20.216 -0.5 16.0
36.332 -20.217 -0.469 29.0
36.29400000000001 -19.897000000000006 -0.94 33.0
36.296 -19.892 -0.941 39.0
36.301 -20.139 -0.558 67.0
36.299 -20.192 -0.49 46.0
36.293 -20.181 -0.49 9.0
36.29400000000001 -20.354 -0.351 4.0
36.373 -19.876 -0.9 22.0
36.224 -19.997 -0.801 4.0
36.313 -20.304000000000006 -0.322 33.0
36.299 -20.219 -0.456 46.0
36.301 -20.219 -0.425 28.0
36.29400000000001 -19.978 -0.846 31.0
36.291 -19.975 -0.818 45.0
36.31 -20.237 -0.437 37.0
36.275 -19.983 -0.789 19.0
36.293 -19.981 -0.802 42.0
36.299 -20.255 -0.403 55.0
36.299 -20.251 -0.399 34.0
36.302 -20.291 -0.377 26.0
36.278 -20.254 -0.374 8.0
36.312 -20.068 -0.716 25.0
36.31 -20.278 -0.401 44.0
36.303 -20.271 -0.398 35.0
36.32 -20.295 -0.373 11.0
36.309 -20.296 -0.369 10.0
36.345 -20.287 -0.383 0.0
36.313 -20.265 -0.381 44.0
36.322 -20.263 -0.359 37.0
36.329 -20.256 -0.371 31.0
36.336 -20.082 -0.695 10.0
36.336 -20.072 -0.665 35.0
36.302 -20.229 -0.405 62.0
36.36 -20.279 -0.428 16.0
36.353 -20.28 -0.404 20.0
36.301 -20.108 -0.649 31.0
36.29400000000001 -20.101 -0.651 37.0
36.292 -20.104 -0.646 27.0
36.299 -20.132 -0.61 36.0
36.277 -20.102 -0.62 18.0
36.295 -20.101 -0.628 41.0
36.301 -20.116 -0.589 51.0
36.312 -20.277 -0.354 21.0
36.316 -20.297 -0.345 31.0
36.325 -20.268 -0.355 3.0
36.305 -20.293 -0.331 47.0
36.341 -20.254 -0.469 15.0
36.30000000000001 -20.166 -0.555 57.0
36.298 -20.151 -0.555 42.0
36.295 -20.156 -0.548 33.0
36.268 -20.086000000000006 -0.647 7.0
36.293 -20.084 -0.653 45.0
36.301 -20.077 -0.645 35.0
36.306 -20.3 -0.359 39.0
36.307 -20.299 -0.359 11.0
36.299 -20.334 -0.349 4.0
36.314 -20.079 -0.644 47.0
36.343 -20.09 -0.626 13.0
36.275 -20.096 -0.607 6.0
36.352 -20.271 -0.434 21.0
36.32 -20.254 -0.422 35.0
36.303 -20.255 -0.411 17.0
36.339 -20.598 0.105 8.0
36.341 -20.568 0.062 7.0
36.355 -20.71 0.294 2.0
36.376 -20.665 0.346 2.0
36.257 -20.193 -0.442 8.0
36.338 -20.459 -0.121 4.0
36.338 -20.482 -0.053 6.0
36.352 -20.036 -0.64 24.0
36.35 -20.651 0.186 2.0
36.333 -20.441 -0.133 3.0
36.39 -23.154 1.329 4.0
36.407 -23.708 2.054 3.0
36.417 -23.328 1.545 10.0
36.401 -23.161 1.34 7.0
36.414 -23.254 1.437 8.0
36.385 -23.238 1.501 2.0
36.381 -23.565 1.78 0.0
36.412 -23.557000000000006 1.91 2.0
36.387 -22.915 1.042 3.0
36.397 -22.925 1.053 9.0
36.389 -22.912 1.044 5.0
36.374 -22.198 1.256 7.0
36.398 -22.186 1.258 3.0
36.351 -21.906 0.754 5.0
36.331 -21.918 0.786 2.0
36.386 -21.347 1.206 3.0
36.402 -23.486 1.718 10.0
36.403 -23.477 1.72 14.0
36.356 -21.413 1.302 5.0
36.424 -23.183 1.372 5.0
36.396 -23.204 1.467 3.0
36.339 -22.272000000000006 1.357 2.0
36.373 -22.327 1.557 2.0
36.399 -22.67 2.043 10.0
36.398 -22.487 1.803 3.0
36.4 -21.963 0.774 2.0
36.381 -21.522000000000006 1.439 7.0
36.341 -21.388 1.288 3.0
36.399 -21.763 1.782 1.0
36.348 -21.956 2.05 1.0
36.393 -22.353 1.5 9.0
36.443 -24.052 2.399 15.0
36.428 -24.062 2.492 3.0
36.447 -24.422 2.844 3.0
36.401 -22.671 2.029 11.0
36.393 -23.511 3.447 5.0
36.42200000000001 -23.01 3.66 3.0
36.408 -23.058 3.706 3.0
36.372 -22.121000000000006 2.36 1.0
36.399 -22.244 2.501 12.0
36.378 -21.666 1.692 5.0
36.417 -22.491 2.871 9.0
36.411 -22.238 2.54 0.0
36.409 -22.017 2.159 0.0
36.395 -21.982 2.164 0.0
36.429 -24.168 2.533 2.0
36.406 -22.867 3.226 18.0
36.411 -22.83 3.304 23.0
36.373 -22.774 3.295 5.0
36.378 -22.777 3.319 33.0
36.453 -24.07 2.383 0.0
36.405 -22.778000000000002 3.298 33.0
36.338 -22.831 3.369 41.0
36.348 -23.621000000000006 3.701 22.0
36.396 -22.828 3.334 44.0
36.372 -22.798 3.332 29.0
36.356 -22.836000000000006 3.377 28.0
36.355 -22.831 3.377 11.0
36.375 -22.818 3.373 32.0
36.386 -22.797 3.364 38.0
36.426 -22.824 3.364 38.0
36.458 -22.969 3.56 1.0
36.384 -22.123 2.421 3.0
36.4 -22.176 2.444 3.0
36.334 -22.878 3.448 5.0
36.421 -22.842 3.527 5.0
36.404 -22.411 2.79 2.0
36.349 -21.228 1.112 3.0
36.371 -23.744 3.781 4.0
36.393 -23.753 3.806 13.0
36.398 -22.85 3.259 12.0
36.426 -23.712 3.875 44.0
36.446 -23.719 3.863 47.0
36.45 -23.694 3.888 28.0
36.427 -23.794 3.929 34.0
36.426 -23.857 4.067 2.0
36.398 -24.121000000000006 4.497 2.0
36.428 -24.116 4.502 6.0
36.4 -22.833 3.381 29.0
36.366 -22.82 3.406 40.0
36.428 -22.85 3.466 27.0
36.391 -22.855 3.504 32.0
36.375 -22.809 3.519 5.0
36.463 -23.867 4.176 11.0
36.455 -23.919 4.333 3.0
36.37 -23.637 3.746 25.0
36.373 -23.165 3.833 0.0
36.407 -23.769 3.85 32.0
36.386 -23.227 3.936 1.0
36.437 -24.122 4.538 3.0
36.412 -23.737 3.9 10.0
36.421 -23.772000000000006 3.919 39.0
36.348 -23.799 3.937 5.0
36.42200000000001 -23.761 3.942 31.0
36.405 -23.739 3.933 30.0
36.402 -23.749 3.939 30.0
36.429 -23.77 4.018 5.0
36.423 -24.022000000000006 4.285 1.0
36.504 -23.746000000000006 3.747 15.0
36.456 -23.828 4.111 7.0
36.411 -23.667 3.826 39.0
36.396 -23.134 3.927 3.0
36.387 -22.162 0.139 0.0
36.229 -22.193 0.256 19.0
36.385 -22.154 0.174 3.0
36.277 -22.216 0.251 1.0
36.346 -22.355 0.422 0.0
36.393 -22.352 0.396 2.0
36.36 -22.121000000000006 0.064 2.0
36.35800000000001 -22.092 0.047 5.0
36.378 -22.295 0.334 1.0
36.367 -22.219 0.22 6.0
36.407 -22.188 0.228 1.0
36.323 -22.048 -0.086 255.0
36.368 -21.968 -0.106 0.0
36.333 -22.262 0.345 6.0
36.368 -22.006 -0.05 3.0
36.379 -22.009 -0.029 2.0
36.38 -21.938 -0.092 4.0
