6.427 -42.16900000000001 -0.261 31.0
6.836 -42.158 -0.515 25.0
6.864 -42.125 -0.47 26.0
6.781000000000001 -42.068 -0.518 25.0
6.82 -42.04700000000001 -0.463 27.0
6.429 -42.034 -0.257 28.0
6.43 -42.102 -0.259 30.0
6.735 -41.979 -0.52 24.0
6.692 -41.892 -0.522 24.0
6.656000000000001 -41.746 -0.473 4.0
6.729 -41.893 -0.449 29.0
6.634 -41.799 -0.524 25.0
9.624 -37.241 -0.182 5.0
9.584 -37.278 -0.128 5.0
9.584 -37.623 -0.136 6.0
9.588 -37.336 -0.13 8.0
16.874 -50.0 1.034 12.0
16.9 -50.063 1.133 10.0
16.867 -50.038 1.146 17.0
16.876 -50.084 1.195 15.0
16.873 -50.04 1.229 18.0
16.899 -50.051 1.067 11.0
16.844 -49.997 1.087 13.0
16.869 -50.04 1.114 15.0
16.869 -50.039 1.115 14.0
16.859 -50.024 1.127 15.0
16.93 -50.089 1.069 8.0
16.945 -50.088 1.104 44.0
16.921 -50.078 1.104 42.0
16.923000000000002 -50.055 1.264 7.0
16.978 -50.089 1.286 12.0
16.941 -50.083 1.312 70.0
16.858 -50.034 1.423 5.0
16.878 -50.037 1.457 255.0
16.897000000000002 -50.063 1.498 255.0
16.863 -50.017 1.496 255.0
16.857 -50.006 1.524 13.0
16.866 -50.05300000000001 1.561 255.0
16.897000000000002 -50.05300000000001 1.562 255.0
16.893 -50.028 1.538 8.0
16.915 -50.083 1.621 255.0
16.912 -50.076 1.61 255.0
16.917 -50.074 1.623 255.0
16.882 -50.059 1.63 255.0
16.863 -50.003 1.627 15.0
16.863 -50.031 1.664 255.0
16.871 -50.021 1.661 200.0
16.867 -50.03 1.674 255.0
16.841 -50.03 1.706 255.0
16.846 -50.029 1.706 255.0
16.842 -50.019 1.719 188.0
16.882 -50.022 1.687 255.0
16.901 -50.04 1.702 255.0
16.886 -50.049 1.429 255.0
16.89 -50.043 1.409 8.0
16.879 -50.037 1.417 208.0
16.906 -50.06 1.454 255.0
16.903 -50.04700000000001 1.467 255.0
16.89 -50.036 1.529 255.0
16.841 -50.018 1.535 255.0
16.876 -50.038 1.586 255.0
16.766000000000002 -50.059 1.7 233.0
16.898 -50.054 1.657 255.0
16.906 -50.055 1.658 255.0
16.878 -50.058 1.671 255.0
16.886 -50.058 1.676 255.0
16.9 -50.056000000000004 1.66 255.0
16.898 -50.057 1.667 255.0
16.913 -50.05300000000001 1.669 255.0
16.905 -50.075 1.704 255.0
16.873 -50.049 1.699 255.0
16.893 -50.04400000000001 1.699 255.0
16.897000000000002 -50.048 1.7 255.0
16.898 -50.076 1.73 255.0
16.879 -50.048 1.715 255.0
16.902 -50.067 1.728 255.0
16.929000000000002 -50.085 1.376 52.0
16.972 -50.087 1.407 255.0
16.986 -50.079 1.417 255.0
16.949 -50.083 1.449 255.0
16.966 -50.076 1.459 255.0
16.921 -50.058 1.452 255.0
16.954 -50.09 1.478 255.0
17.02 -50.089 1.441 255.0
16.981 -50.075 1.517 255.0
16.922 -50.043 1.527 9.0
16.932 -50.071 1.397 9.0
16.925 -50.062 1.412 255.0
16.933 -50.066 1.424 255.0
16.929000000000002 -50.077 1.493 255.0
16.931 -50.06 1.49 8.0
16.939 -50.054 1.523 255.0
16.964 -50.089 1.622 255.0
16.98 -50.08 1.645 255.0
16.925 -50.074 1.693 255.0
16.946 -50.069 1.695 255.0
16.942 -50.065 1.696 255.0
16.949 -50.055 1.692 255.0
16.969 -50.063 1.704 81.0
16.925 -50.068 1.709 255.0
16.931 -50.083 1.554 255.0
16.948 -50.068 1.555 255.0
16.932 -50.082 1.563 6.0
16.97 -50.079 1.574 255.0
16.927 -50.057 1.58 255.0
16.767 -50.062 1.791 210.0
16.86 -50.022 1.745 255.0
16.902 -50.043 1.739 255.0
16.941 -50.087 1.642 255.0
16.95 -50.071 1.653 255.0
16.964 -50.076 1.651 255.0
16.935 -50.085 1.665 255.0
16.952 -50.075 1.661 255.0
16.955000000000002 -50.088 1.682 255.0
16.924 -50.049 1.681 255.0
16.895 -50.041 1.788 255.0
16.898 -50.039 1.808 14.0
16.901 -50.027 1.833 14.0
16.987000000000002 -50.085 1.686 255.0
16.989 -50.078 1.688 255.0
16.976 -50.083 1.702 255.0
17.0 -50.085 1.688 255.0
16.846 -49.994 1.891 19.0
16.866 -49.995000000000005 1.897 53.0
17.007 -50.075 1.725 255.0
16.912 -50.048 1.942 255.0
16.901 -50.05300000000001 1.97 255.0
16.861 -50.028 1.939 1.0
16.863 -50.031 1.949 255.0
16.852 -50.004 1.948 255.0
16.849 -50.037 1.977 255.0
16.887 -50.038 1.944 255.0
16.875 -50.027 1.956 255.0
16.868000000000002 -50.051 1.995 255.0
16.918 -50.04400000000001 1.99 255.0
16.902 -50.071 2.017 255.0
16.887 -50.04400000000001 2.008 255.0
16.896 -50.058 2.014 255.0
16.867 -50.035 1.991 255.0
16.864 -50.026 1.998 255.0
16.843 -50.034 2.02 255.0
16.904 -50.069 1.75 255.0
16.92 -50.076 1.755 255.0
16.904 -50.064 1.782 255.0
16.893 -50.048 2.129 255.0
16.881 -50.026 1.851 255.0
16.896 -50.028 1.878 255.0
16.891000000000002 -50.004 1.874 255.0
16.866 -50.045 1.972 255.0
16.875 -50.033 2.044 255.0
16.91 -50.033 2.071 255.0
16.925 -50.076 1.734 255.0
16.962 -50.075 1.774 255.0
16.996 -50.079 1.773 255.0
16.883 -50.029 2.102 255.0
16.927 -50.057 1.843 255.0
16.957 -50.084 1.871 255.0
16.949 -50.05300000000001 1.87 255.0
16.971 -50.074 1.883 255.0
16.925 -50.03 1.863 255.0
16.931 -50.068 1.888 6.0
16.927 -50.074 1.908 255.0
16.921 -50.059 1.89 255.0
16.931 -50.08 1.92 255.0
16.924 -50.043 1.896 255.0
17.002 -50.084 1.831 255.0
17.027 -50.086 1.88 255.0
16.985 -50.069 1.895 137.0
16.984 -50.077 1.932 255.0
17.004 -50.085 1.93 255.0
16.961000000000002 -50.088 1.95 255.0
16.938 -50.055 1.937 255.0
16.961000000000002 -50.064 1.936 255.0
16.95 -50.07 1.964 255.0
16.968 -50.076 1.978 255.0
16.926000000000002 -50.057 1.965 255.0
16.964 -50.064 1.982 255.0
17.019000000000002 -50.082 1.935 255.0
16.998 -50.088 1.957 255.0
16.973 -50.085 1.96 255.0
16.988 -50.085 1.981 255.0
16.955000000000002 -50.073 2.006 255.0
17.024 -50.088 1.971 255.0
16.93 -50.065 1.987 255.0
16.921 -50.051 1.984 255.0
16.935 -50.061 2.0 255.0
16.935 -50.083 2.011 255.0
16.965 -50.088 2.01 255.0
16.949 -50.061 2.031 255.0
16.95 -50.088 2.035 7.0
16.94 -50.087 2.072 255.0
16.935 -50.078 2.089 255.0
16.935 -50.051 2.093 255.0
16.937 -50.068 2.122 255.0
17.027 -50.081 2.083 117.0
16.979 -50.08 1.994 255.0
17.019000000000002 -50.089 2.019 255.0
16.994 -50.07 2.083 255.0
16.987000000000002 -50.083 2.115 255.0
16.891000000000002 -50.035 2.168 255.0
16.972 -50.078 2.18 255.0
16.976 -50.073 2.186 255.0
17.006 -50.086 2.201 255.0
17.041 -50.086 2.174 255.0
16.886 -50.035 2.192 255.0
16.935 -50.085 2.17 255.0
16.932 -50.054 2.186 255.0
16.938 -50.076 2.178 8.0
16.955000000000002 -50.07 2.208 255.0
16.94 -50.052 2.16 255.0
17.035 -50.071 3.166 13.0
17.077 -50.073 3.159 3.0
17.096 -50.08 3.156 2.0
17.087 -50.019 3.221 0.0
16.978 -50.08 3.311 2.0
17.106 -50.036 3.259 22.0
17.109 -50.026 3.283 5.0
17.14 -50.077 3.146 5.0
17.214 -50.08 3.154 1.0
17.19 -50.04400000000001 3.18 44.0
17.183 -50.04700000000001 3.226 77.0
17.221 -50.07 3.173 16.0
17.246 -50.09 3.179 28.0
17.222 -50.06 3.183 32.0
17.22 -50.075 3.221 92.0
17.239 -50.077 3.223 1.0
17.045 -50.05300000000001 3.256 1.0
17.024 -50.054 3.275 2.0
17.167 -50.04700000000001 3.249 50.0
17.207 -50.07 3.243 4.0
17.205000000000002 -50.064 3.267 21.0
17.13 -50.035 3.237 7.0
17.205000000000002 -50.086 3.289 1.0
17.182 -50.06 3.296 70.0
17.227 -50.072 3.296 14.0
17.183 -50.041 3.25 15.0
17.222 -50.068 3.242 197.0
16.947 -50.051 3.402 8.0
17.119 -50.087 3.331 9.0
17.082 -50.033 3.408 0.0
17.109 -50.011 3.414 0.0
17.169 -50.085 3.352 15.0
17.145 -50.077 3.363 1.0
17.186 -50.071 3.34 38.0
17.2 -50.07 3.365 4.0
17.185 -50.05300000000001 3.355 1.0
17.138 -50.02 3.358 0.0
17.194 -50.038 3.372 17.0
17.197 -50.035 3.368 1.0
17.202 -50.041 3.377 18.0
17.186 -50.015 3.359 0.0
17.059 -50.089 3.363 6.0
17.052 -50.076 3.355 7.0
17.217 -50.072 3.386 9.0
17.046 -50.027 3.393 5.0
17.066 -50.025 3.398 6.0
17.128 -50.019 3.38 10.0
17.144000000000002 -50.039 3.402 17.0
17.145 -50.015 3.384 11.0
17.26 -50.058 3.375 22.0
17.257 -50.054 3.37 22.0
17.285 -50.088 3.367 12.0
17.229 -50.021 3.373 15.0
17.249 -50.031 3.375 5.0
17.080000000000002 -50.083 3.447 5.0
17.117 -50.045 3.43 0.0
17.234 -50.083 3.396 10.0
17.234 -50.065 3.395 2.0
17.244 -50.031 3.378 4.0
17.201 -50.083 3.451 8.0
17.183 -50.019 3.393 0.0
17.171 -50.006 3.388 4.0
17.129 -50.019 3.536 6.0
17.221 -50.022 3.549 0.0
12.951 -44.23 -0.651 4.0
16.511 -45.398 -0.84 3.0
16.479 -45.391 -0.812 2.0
16.507 -45.406 -0.81 6.0
16.474 -45.392 -0.783 1.0
16.455000000000002 -45.331 -0.865 1.0
16.552 -45.395 -0.969 3.0
16.581 -45.36400000000001 -0.968 4.0
16.582 -45.316 -0.971 4.0
16.531 -45.399 -0.907 1.0
16.578 -45.375 -0.906 13.0
16.575 -45.389 -0.881 4.0
16.574 -45.369 -0.88 3.0
16.61 -45.363 -0.878 4.0
16.554000000000002 -45.339 -0.866 5.0
16.584 -45.326 -0.885 2.0
16.595 -45.334 -0.948 4.0
16.604 -45.328 -0.949 5.0
16.63 -45.314 -0.905 6.0
16.628 -45.328 -0.878 3.0
16.57 -45.28 -0.956 3.0
16.612000000000002 -45.337 -0.908 1.0
16.613 -45.32 -0.922 8.0
16.584 -45.293 -0.95 5.0
16.572 -45.298 -0.93 4.0
16.575 -45.286 -0.917 4.0
16.62 -45.302 -0.931 7.0
16.585 -45.276 -0.931 2.0
16.569 -45.27 -0.898 3.0
16.623 -45.306000000000004 -0.868 9.0
16.534 -45.413 -0.792 5.0
16.575 -45.388 -0.848 2.0
16.619 -45.36 -0.835 2.0
16.592 -45.373 -0.813 3.0
16.599 -45.374 -0.81 10.0
16.578 -45.344 -0.845 3.0
16.548000000000002 -45.386 -0.802 4.0
16.537 -45.37 -0.785 6.0
16.607 -45.345 -0.847 7.0
16.605 -45.35800000000001 -0.844 5.0
16.6 -45.31 -0.846 5.0
16.613 -45.324 -0.843 4.0
16.617 -45.357 -0.81 6.0
16.602 -45.337 -0.814 5.0
16.618000000000002 -45.343 -0.811 3.0
16.592 -45.312 -0.818 5.0
16.618000000000002 -45.334 -0.811 2.0
16.592 -45.371 -0.948 8.0
16.628 -45.324 -0.832 14.0
16.603 -45.362 -0.95 3.0
16.543 -45.339 -0.801 3.0
16.638 -45.333 -0.815 4.0
16.580000000000002 -45.293 -0.967 5.0
16.581 -45.275 -0.972 6.0
16.603 -45.29400000000001 -0.807 9.0
16.591 -45.271 -0.805 3.0
16.598 -45.252 -0.792 2.0
16.601 -45.284 -0.845 4.0
16.583000000000002 -45.248 -0.769 2.0
16.629 -45.289 -0.797 5.0
16.609 -45.291 -0.832 3.0
16.605 -45.307 -0.808 14.0
16.634 -45.279 -0.774 4.0
16.599 -45.29400000000001 -0.816 6.0
16.607 -45.287 -0.81 4.0
16.562 -45.399 -0.738 5.0
16.529 -45.399 -0.879 3.0
16.558 -45.383 -0.881 8.0
16.618000000000002 -45.381 -0.728 7.0
16.621 -45.306000000000004 -0.896 11.0
16.587 -45.274 -0.893 3.0
16.596 -45.274 -0.865 4.0
16.639 -45.369 -0.754 3.0
16.64 -45.335 -0.753 6.0
16.636 -45.332 -0.731 7.0
16.578 -45.231 -0.743 7.0
16.615000000000002 -45.272 -0.755 8.0
16.621 -45.265 -0.753 3.0
16.53 -45.42800000000001 -0.739 1.0
16.564 -45.402 -0.81 3.0
16.548000000000002 -45.396 -0.817 3.0
16.543 -45.365 -0.814 5.0
16.607 -45.36400000000001 -0.807 5.0
16.599 -45.362 -0.796 5.0
16.607 -45.329 -0.807 5.0
16.65 -45.337 -0.802 3.0
16.636 -45.30000000000001 -0.752 5.0
16.622 -45.278 -0.728 8.0
16.559 -45.212 -0.743 7.0
15.582 -42.82 -0.816 1.0
15.54 -42.838 -0.767 1.0
15.6 -42.823 -0.766 1.0
15.566 -42.822 -0.757 3.0
15.476 -42.77 -0.975 3.0
15.515 -42.762 -0.96 5.0
15.447 -42.738 -0.935 1.0
15.579 -42.777 -0.98 7.0
15.602 -42.724 -0.983 2.0
15.583 -42.73600000000001 -0.973 2.0
15.572 -42.787 -0.953 3.0
15.546000000000001 -42.807 -0.93 1.0
15.592 -42.78 -0.926 3.0
15.592 -42.741 -0.955 3.0
15.611 -42.745 -0.925 5.0
15.614 -42.744 -0.908 3.0
15.601 -42.77 -0.897 3.0
15.596 -42.79700000000001 -0.86 1.0
15.585 -42.788 -0.861 2.0
15.506 -42.823 -0.818 1.0
15.563 -42.676 -0.911 2.0
15.6 -42.699 -0.927 2.0
15.611 -42.698 -0.913 8.0
15.514000000000001 -42.79400000000001 -0.846 2.0
15.581 -42.788 -0.853 2.0
15.594000000000001 -42.793 -0.855 1.0
15.597 -42.796 -0.82 1.0
15.508 -42.774 -0.928 5.0
15.624 -42.761 -0.851 7.0
15.614 -42.753 -0.855 2.0
15.622 -42.76 -0.817 12.0
15.603 -42.721 -0.818 4.0
15.544 -42.79400000000001 -0.783 2.0
15.571 -42.786 -0.793 1.0
15.551 -42.783 -0.97 3.0
15.607000000000003 -42.749 -0.803 7.0
15.604 -42.754 -0.793 6.0
15.626 -42.759 -0.851 4.0
15.627 -42.72 -0.851 5.0
15.654 -42.734 -0.842 5.0
15.652000000000003 -42.749 -0.813 3.0
15.652000000000003 -42.732 -0.822 2.0
15.657 -42.728 -0.821 2.0
15.635 -42.818 -0.763 6.0
15.633 -42.785 -0.766 10.0
15.658 -42.783 -0.762 10.0
15.664 -42.744 -0.768 1.0
15.666 -42.74200000000001 -0.763 7.0
15.677 -42.73300000000001 -0.797 4.0
15.615 -42.663 -0.818 2.0
15.606 -42.704 -0.795 2.0
15.535 -42.781 -0.898 4.0
15.634 -42.712 -0.853 3.0
15.641 -42.707 -0.815 5.0
15.631 -42.654 -0.79 3.0
15.635 -42.655 -0.787 2.0
15.635 -42.662 -0.769 3.0
15.666 -42.765 -0.699 11.0
15.594000000000001 -42.787 -0.806 0.0
15.633 -42.791 -0.817 2.0
15.636000000000003 -42.785 -0.815 2.0
15.62 -42.712 -0.852 6.0
15.621 -42.697 -0.839 4.0
15.588 -42.68 -0.852 2.0
15.605 -42.679 -0.852 3.0
15.625 -42.68 -0.817 10.0
15.577 -42.637 -0.787 1.0
15.597 -42.624 -0.769 4.0
15.665 -42.686 -0.789 5.0
15.671000000000001 -42.699 -0.773 4.0
15.659 -42.695 -0.764 5.0
15.451 -37.27 -0.983 3.0
15.393 -37.258 -0.939 2.0
15.407 -37.254 -0.902 8.0
15.391 -37.255 -0.824 3.0
15.385 -37.245 -0.782 5.0
15.347 -37.249 -0.961 8.0
15.327 -37.253 -0.934 5.0
15.369 -37.25 -0.947 13.0
15.328000000000001 -37.248 -0.924 3.0
15.358 -37.245 -0.735 2.0
16.821 -49.967 1.465 21.0
16.859 -49.991 1.604 17.0
16.838 -49.984 1.706 18.0
16.96 -49.98 2.246 6.0
16.829 -49.973 1.573 19.0
16.848 -49.99 1.666 41.0
16.856 -49.98600000000001 1.907 15.0
9.545 -37.192 -0.132 3.0
9.454 -37.19 -0.174 2.0
9.577 -37.193 -0.178 3.0
9.58 -37.22 -0.127 6.0
15.521 -37.201 -0.968 5.0
15.441 -37.225 -0.94 10.0
15.458 -37.196 -0.953 5.0
15.435 -37.174 -0.955 4.0
15.438 -37.206 -0.905 2.0
15.462 -37.176 -0.894 4.0
15.448 -37.22 -0.831 5.0
15.406 -37.227 -0.948 3.0
15.316 -31.919 -1.101 3.0
15.317 -31.82 -1.092 7.0
15.314 -31.815 -1.086 17.0
15.287 -31.804000000000006 -1.069 5.0
15.331 -31.862 -1.095 3.0
15.331 -31.839000000000006 -1.073 4.0
15.247 -31.945 -1.022 3.0
15.314 -31.877 -1.032 5.0
15.318 -31.907 -1.022 3.0
15.305 -31.873 -1.015 12.0
15.308 -31.895 -0.993 3.0
15.3 -31.901 -0.977 5.0
15.306 -31.861 -0.977 5.0
15.206 -31.875 -0.956 12.0
15.306 -31.952 -0.95 18.0
15.312000000000001 -31.812 -1.049 5.0
15.293000000000003 -31.834 -1.015 2.0
15.315 -31.838 -1.03 2.0
15.301 -31.831 -1.022 3.0
15.314 -31.83 -1.03 3.0
15.282 -31.799 -1.029 2.0
15.316 -31.829 -1.026 2.0
15.295 -31.801 -1.029 3.0
15.291 -31.792 -1.015 1.0
15.319 -31.857 -0.992 7.0
15.299 -31.814 -0.993 2.0
15.278 -31.848 -0.968 5.0
15.294 -31.817 -0.979 3.0
15.275 -31.801 -0.963 9.0
15.296000000000001 -31.796 -0.982 7.0
15.299 -31.792 -0.969 2.0
15.332 -31.822 -1.015 2.0
15.332 -31.827 -0.972 9.0
15.302 -31.916 -1.035 2.0
15.274 -31.928 -0.996 2.0
15.282 -31.91 -1.018 3.0
15.262 -31.932000000000006 -0.98 2.0
15.23 -31.913 -0.956 12.0
15.182 -31.836000000000006 -0.957 18.0
15.332 -31.867 -1.032 3.0
16.206 -29.32 -1.174 6.0
16.229 -29.329 -1.194 5.0
16.226 -29.34 -1.178 9.0
16.27 -29.315 -1.198 5.0
16.258 -29.299 -1.193 7.0
16.254 -29.293 -1.182 5.0
16.271 -29.28 -1.197 5.0
16.191 -29.367 -1.137 5.0
16.279 -29.285 -1.18 9.0
16.279 -29.283 -1.18 6.0
16.218 -29.355 -1.154 5.0
16.211000000000002 -29.319 -1.144 7.0
16.221 -29.338 -1.134 5.0
16.21 -29.336000000000006 -1.116 3.0
16.219 -29.354 -1.102 2.0
16.245 -29.371000000000006 -1.06 3.0
16.244 -29.307000000000006 -1.133 6.0
16.259 -29.29 -1.152 5.0
16.248 -29.309 -1.116 11.0
16.277 -29.276 -1.14 9.0
16.279 -29.332 -1.101 5.0
16.289 -29.292 -1.097 10.0
16.257 -29.273 -1.105 5.0
16.284 -29.282 -1.082 7.0
16.171 -29.353 -1.173 7.0
16.248 -29.326 -1.152 6.0
16.163 -29.349 -1.142 5.0
16.251 -29.323 -1.102 13.0
16.271 -29.33 -1.087 3.0
16.272000000000002 -29.327 -1.063 8.0
16.249 -29.244 -1.198 4.0
16.258 -29.254 -1.173 10.0
16.269000000000002 -29.254 -1.178 9.0
16.264 -29.251 -1.179 9.0
16.240000000000002 -29.235 -1.17 5.0
16.243000000000002 -29.221 -1.175 7.0
16.234 -29.237 -1.157 6.0
16.233 -29.264 -1.135 6.0
16.258 -29.24 -1.176 9.0
16.249 -29.23 -1.158 9.0
16.265 -29.246000000000006 -1.147 9.0
16.254 -29.243000000000006 -1.138 7.0
16.243000000000002 -29.228 -1.146 9.0
16.255 -29.255 -1.119 7.0
16.264 -29.246000000000006 -1.123 10.0
16.275 -29.245 -1.102 8.0
16.273 -29.266 -1.169 6.0
16.26 -29.262 -1.097 4.0
16.271 -29.246000000000006 -1.079 10.0
16.225 -29.219 -1.076 2.0
16.241 -29.217000000000002 -1.078 7.0
16.266000000000002 -29.221 -1.067 7.0
16.254 -29.382 -1.029 10.0
16.248 -29.357 -1.007 1.0
16.224 -29.334 -1.011 5.0
16.285 -29.361 -1.041 9.0
16.279 -29.349 -1.029 12.0
16.295 -29.3 -1.045 4.0
16.302 -29.293 -1.038 7.0
16.307 -29.267 -1.043 6.0
16.298000000000002 -29.311 -1.03 13.0
16.312 -29.310000000000002 -1.017 3.0
16.309 -29.272000000000006 -1.017 4.0
16.231 -29.331 -0.991 1.0
16.264 -29.346 -0.97 8.0
16.277 -29.323 -1.003 5.0
16.282 -29.288 -1.001 8.0
16.278 -29.309 -0.97 4.0
16.317 -29.267 -0.968 7.0
16.267 -29.224 -1.053 4.0
16.249 -29.225 -1.038 4.0
16.246 -29.212 -1.056 5.0
16.234 -29.26 -0.987 1.0
16.261 -29.26 -1.005 9.0
16.259 -29.252 -1.002 5.0
16.276 -29.262 -0.972 2.0
16.273 -29.23 -0.973 4.0
16.308 -29.232 -0.966 6.0
16.275 -29.202 -0.967 5.0
16.258 -29.276 -1.016 2.0
16.28 -29.194 -0.95 7.0
16.297 -29.206 -0.941 11.0
16.244 -29.294 -0.988 3.0
16.207 -29.310000000000002 -0.944 3.0
16.218 -29.273 -0.944 1.0
16.292 -29.248 -1.051 5.0
16.296 -29.261 -1.033 11.0
16.288 -29.25 -1.04 11.0
16.302 -29.257 -1.037 5.0
16.28 -29.218 -1.039 6.0
16.286 -29.23 -1.019 3.0
16.267 -29.198 -0.983 5.0
16.217 -29.261 -0.931 3.0
44.2 -50.025 4.921 17.0
44.342 -50.065 4.822 2.0
44.116 -50.066 5.05 30.0
44.268 -50.065 4.983000000000001 4.0
44.105 -50.086 4.993 31.0
44.113 -50.075 5.187 34.0
44.155 -50.033 4.993 15.0
44.105 -50.04400000000001 5.175 30.0
44.105 -50.065 5.016 27.0
44.11400000000001 -50.018 5.186 33.0
44.11 -50.042 5.211 29.0
44.109 -50.0 5.203 32.0
44.112 -49.994 5.037 26.0
44.109 -50.033 5.05 27.0
44.099 -50.075 5.309 29.0
44.23900000000001 -50.083 4.965 29.0
44.072 -50.073 5.244 27.0
44.038 -50.016 5.341 27.0
44.122 -50.037 5.414 30.0
44.113 -50.031 5.409 33.0
44.109 -50.004 5.458 33.0
44.112 -50.043 5.54 29.0
44.11400000000001 -50.021 5.617 32.0
44.051 -50.074 5.65 17.0
44.082 -50.07 5.572 26.0
44.116 -50.04700000000001 5.611 30.0
44.124 -50.084 5.623 33.0
44.122 -50.048 5.653 29.0
44.113 -50.036 5.68 22.0
44.103 -50.07 5.751 27.0
44.133 -50.089 5.739 31.0
44.123 -50.061 5.87 27.0
44.12 -50.041 5.887 28.0
44.119 -50.012 5.902 26.0
44.133 -50.087 5.778 31.0
44.129 -50.066 5.814 31.0
44.138 -50.026 6.112 26.0
44.139 -50.084 6.097 27.0
44.139 -50.085 6.109 25.0
44.059 -50.037 6.152 23.0
44.162 -50.085 6.3 12.0
44.129 -50.022 6.162 25.0
44.142 -50.012 6.144 30.0
44.151 -50.02 6.237 29.0
44.149 -49.995000000000005 6.296 21.0
44.144 -49.974 5.041 14.0
44.109 -49.94 5.169 30.0
44.098 -49.975 5.192 25.0
44.109 -49.943 5.201000000000001 36.0
44.116 -49.932 5.205 19.0
44.106 -49.865 5.217000000000001 34.0
44.039 -49.959 5.242 21.0
44.042 -49.915 5.254 27.0
44.04400000000001 -49.89 5.257 31.0
44.102 -49.884 5.225000000000001 32.0
44.10800000000001 -49.884 5.225000000000001 33.0
44.107 -49.873 5.239 29.0
44.105 -49.849 5.249 30.0
44.142 -49.912 5.102 18.0
44.061 -49.947 5.36 27.0
44.103 -49.959 5.413 26.0
44.084 -49.842 5.335 22.0
44.11100000000001 -49.993 5.434 31.0
44.109 -49.943 5.428 32.0
44.104 -49.99 5.478 32.0
44.11100000000001 -49.947 5.499000000000001 30.0
44.1 -49.951 5.504 25.0
44.103 -49.857 5.445 33.0
44.103 -49.796 5.466 30.0
44.045 -49.962 5.558 29.0
44.115 -49.92200000000001 5.578 26.0
44.061 -49.85800000000001 5.593 17.0
44.054 -49.979 5.669 16.0
44.11100000000001 -49.926 5.637 34.0
44.106 -49.91900000000001 5.636 30.0
44.11 -49.886 5.655 30.0
44.1 -49.935 5.393 24.0
44.106 -49.821 5.699 28.0
44.106 -49.901 5.479 33.0
44.105 -49.904 5.497 33.0
44.12 -49.756 5.677 20.0
44.1 -49.801 5.499000000000001 31.0
44.052 -49.912 5.584000000000001 21.0
44.036 -49.837 5.523 29.0
44.078 -49.991 5.658 23.0
44.123 -49.98900000000001 5.666 29.0
44.115 -49.933 5.676 30.0
44.106 -49.732 5.679 31.0
44.124 -49.931000000000004 5.768 29.0
44.12 -49.912 5.809 28.0
44.097 -49.870000000000005 5.752 25.0
44.077 -49.895 5.850000000000001 23.0
44.12 -49.935 5.91 30.0
44.10800000000001 -49.908 5.904 21.0
44.082 -49.819 5.877 21.0
44.04700000000001 -49.671 5.816 27.0
44.119 -49.744 5.831 25.0
44.113 -49.724 5.842000000000001 27.0
44.112 -49.785 5.91 26.0
44.118 -49.707 5.894 29.0
44.056 -49.663 5.903 16.0
44.077 -49.84 5.811 16.0
44.098 -49.985 5.855 25.0
44.091 -49.971 5.851 14.0
44.094 -49.969 5.907 16.0
44.075 -49.94 5.936 30.0
44.113 -49.816 5.821 21.0
44.079 -49.888 6.038 19.0
44.106 -49.833 6.118 20.0
44.135 -49.766 5.987 29.0
44.121 -49.644 6.083 27.0
44.124 -49.937 5.992 23.0
44.041 -49.627 6.076000000000001 22.0
44.098 -49.916 6.163 17.0
44.131 -49.92 6.12 27.0
44.13 -49.849 6.161 25.0
44.134 -49.807 6.154 26.0
44.054 -49.965 6.305 23.0
44.077 -49.903 6.241000000000001 21.0
44.139 -49.935 6.253 29.0
44.149 -49.99 6.302 12.0
44.153 -49.97 6.303 28.0
44.124 -49.781 6.157 17.0
44.128 -49.737 6.155 27.0
44.13 -49.727 6.157 23.0
44.128 -49.728 6.188 24.0
44.13 -49.66 6.128 28.0
44.057 -49.719 6.28 23.0
44.135 -49.716 6.293 28.0
44.049 -49.956 6.32 7.0
44.135 -49.967 6.135 22.0
44.129 -49.791 6.124000000000001 21.0
44.138 -49.75 6.187 23.0
44.124 -49.643 6.213 25.0
44.092 -49.73900000000001 6.282 6.0
44.156 -49.95 6.379 2.0
44.143 -49.859 6.373 9.0
44.163 -49.731 6.406 2.0
44.087 -49.579 6.178 11.0
44.141 -49.574 6.26 25.0
71.968 -48.845 0.378 163.0
72.109 -48.664 0.218 255.0
71.982 -48.555 0.272 211.0
72.035 -48.559 0.321 255.0
71.925 -48.65 0.239 255.0
72.052 -48.537 0.24 255.0
36.394 -29.762 -1.496 18.0
36.383 -29.752 -1.424 17.0
36.411 -29.753 -1.429 24.0
36.39 -29.762 -1.396 16.0
36.38 -29.738 -1.361 12.0
36.41900000000001 -29.751 -1.395 20.0
36.432 -29.733 -1.383 16.0
36.398 -29.724 -1.353 20.0
36.398 -29.732 -1.329 27.0
36.389 -29.72 -1.323 10.0
36.39 -29.717000000000002 -1.307 21.0
36.448 -29.729 -1.332 14.0
36.409 -29.726 -1.325 19.0
36.449 -29.725 -1.321 11.0
36.415 -29.699 -1.292 12.0
36.449 -29.706 -1.272 10.0
36.414 -29.684 -1.264 7.0
36.409 -29.677 -1.264 18.0
36.42 -29.279 -1.431 3.0
36.407 -29.658 -1.221 15.0
36.412 -29.66 -1.216 11.0
36.396 -29.566 -1.186 16.0
36.394 -29.765 -1.504 22.0
36.416 -29.762 -1.506 10.0
36.418 -29.756 -1.507 24.0
36.407 -29.75 -1.494 19.0
36.415 -29.749000000000002 -1.491 23.0
36.406 -29.564 -1.17 14.0
36.402 -29.38 -1.16 12.0
36.399 -29.32 -1.202 17.0
36.399 -29.441 -1.147 19.0
36.377 -29.714000000000006 -1.326 14.0
36.38 -29.714000000000006 -1.319 22.0
36.466 -29.74 -1.355 11.0
36.384 -29.711000000000006 -1.284 13.0
36.45 -29.611 -1.291 4.0
36.408 -29.576 -1.167 11.0
36.4 -29.54 -1.162 19.0
36.394 -29.512 -1.16 26.0
36.396 -29.483 -1.16 4.0
36.401 -29.499000000000002 -1.15 4.0
36.394 -29.454 -1.159 8.0
36.392 -29.425 -1.158 13.0
36.391 -29.283 -1.242 16.0
36.404 -29.389 -1.156 10.0
36.46 -29.745 -1.456 14.0
36.487 -29.291 -1.255 2.0
36.382 -29.196 -1.501 19.0
36.378 -29.192 -1.496 20.0
36.382 -29.181 -1.492 24.0
36.393 -29.196 -1.457 17.0
36.395 -29.185000000000002 -1.469 24.0
36.412 -29.178 -1.491 22.0
36.42500000000001 -29.174 -1.476 17.0
36.388 -29.217000000000002 -1.333 14.0
36.387 -29.237 -1.316 14.0
36.38 -29.234 -1.309 12.0
36.392 -29.232 -1.297 19.0
36.394 -29.24 -1.292 15.0
36.399 -29.255 -1.242 20.0
36.389 -29.189 -1.398 25.0
36.401 -29.19 -1.402 17.0
36.397 -29.194 -1.36 26.0
36.368 -29.21 -1.316 15.0
36.38 -29.209 -1.314 14.0
36.408 -29.206 -1.298 9.0
36.433 -29.256 -1.253 4.0
41.2 -27.203 -0.747 16.0
41.202 -27.204 -0.742 23.0
51.57 -19.96 -1.132 5.0
55.105 -16.032 8.917 12.0
58.58 -7.919 -2.328 16.0
58.722 -7.996 -2.354 27.0
58.626 -8.013 -2.335 24.0
58.862 -8.373 -2.292 16.0
58.89 -8.276 -2.29 1.0
58.973 -8.208 -2.343 4.0
59.151 -8.128 -2.299 1.0
59.283 -8.053 -2.303 1.0
59.48900000000001 -7.967000000000001 -2.315 2.0
58.844 -8.342 -2.18 15.0
58.86400000000001 -8.284 -2.175 26.0
58.929 -8.376 -2.265 36.0
58.898 -8.302 -2.181 1.0
58.879 -8.318 -2.165 48.0
58.911 -8.316 -2.177 3.0
58.877 -8.31 -2.152 2.0
58.9 -8.311 -2.106 1.0
58.935 -8.303 -2.099 4.0
58.962 -8.263 -2.092 3.0
58.873000000000005 -8.290000000000001 -2.33 5.0
59.23900000000001 -8.126 -2.3 2.0
59.366 -7.96 -2.288 2.0
59.392 -7.972 -2.306 1.0
59.024 -8.251 -2.11 1.0
59.033 -8.208 -2.106 1.0
59.134 -8.181000000000001 -2.113 1.0
58.792 -8.398 -2.025 6.0
58.91900000000001 -8.379 -2.183 17.0
58.915 -8.35 -1.952 3.0
58.938 -8.259 -2.23 3.0
58.959 -8.346 -1.865 6.0
58.851 -8.312 -2.048 1.0
58.893 -8.324 -2.027 1.0
58.914 -8.32 -1.988 1.0
59.004 -8.254 -2.029 1.0
58.995000000000005 -8.264 -1.982 1.0
59.136 -8.162 -2.19 1.0
58.975 -8.284 -1.951 3.0
59.219 -8.148 -2.115 3.0
59.182 -8.209 -1.976 3.0
59.096 -8.183 -2.099 2.0
58.9 -8.347 -1.959 41.0
58.833 -8.357 -1.93 4.0
59.218 -8.181000000000001 -1.941 1.0
58.921 -8.351 -1.897 42.0
59.072 -8.134 -2.201 1.0
58.870000000000005 -8.326 -1.979 2.0
59.29 -8.073 -2.2 3.0
59.246 -8.122 -2.107 3.0
59.254 -8.117 -2.116 1.0
59.365 -8.122 -2.137 6.0
59.331 -8.059000000000001 -2.065 1.0
59.027 -8.252 -1.992 1.0
59.388 -8.004 -2.214 1.0
59.145 -8.195 -2.033 1.0
59.136 -8.272 -1.876 5.0
59.076 -8.233 -1.936 1.0
59.404 -8.011000000000001 -2.201 1.0
59.241 -8.155 -2.079 2.0
59.371 -8.074 -2.087 2.0
59.55000000000001 -8.013 -2.121 5.0
59.234 -8.192 -1.904 6.0
59.335 -8.097 -1.976 3.0
59.385 -8.141 -1.955 5.0
59.369 -8.071 -1.992 1.0
59.409 -8.066 -2.003 1.0
59.532 -8.001 -2.007 1.0
59.479 -8.018 -1.985 3.0
59.44 -8.068 -1.858 1.0
58.796 -8.343 -1.828 3.0
58.931000000000004 -8.333 -1.846 1.0
58.92500000000001 -8.315 -1.833 1.0
58.994 -8.313 -1.777 2.0
59.536 -7.96 -2.206 1.0
59.392 -8.057 -2.115 2.0
59.247 -8.191 -1.785 1.0
59.541 -7.923 -2.127 1.0
59.378 -8.084 -1.845 1.0
59.484 -8.059000000000001 -1.792 1.0
59.389 -8.061 -2.039 1.0
59.629 -7.903 -2.323 2.0
59.746 -7.815 -2.33 2.0
59.646 -7.886 -2.268 3.0
59.823 -7.749000000000001 -2.321 1.0
59.649 -7.885 -2.21 1.0
59.698 -7.859 -2.224 2.0
59.566 -7.97 -1.985 3.0
59.762 -7.81 -2.214 1.0
58.80300000000001 -8.397 -1.843 6.0
58.956 -8.271 -1.787 3.0
59.113 -8.249 -1.781 1.0
59.80000000000001 -7.851 -2.147 3.0
59.80300000000001 -7.825 -2.138 3.0
59.579 -7.908 -2.314 1.0
59.718 -7.833 -2.319 1.0
59.863 -7.804 -2.005 1.0
59.648 -7.930000000000001 -2.103 2.0
59.958 -7.794 -1.928 4.0
60.123000000000005 -7.555 -2.438 28.0
59.997 -7.68 -2.328 1.0
60.02 -7.677 -2.346 2.0
59.778 -7.869 -2.014 1.0
60.08 -7.555 -2.256 12.0
60.181000000000004 -7.708 -2.444 32.0
60.023 -7.349 -2.439 32.0
59.924 -7.729 -2.284 2.0
60.265 -7.509 -2.361 2.0
60.275 -7.524 -2.337 1.0
60.137 -7.588 -2.353 2.0
59.923 -7.239 -2.411 30.0
59.941 -7.217000000000001 -2.416 30.0
60.074 -7.662 -2.292 3.0
60.11700000000001 -7.598 -2.331 1.0
60.008 -7.303 -2.432 28.0
60.191 -7.67 -2.446 32.0
60.024 -7.249000000000001 -2.408 6.0
60.007 -7.148000000000001 -2.412 13.0
60.128 -7.518 -2.338 2.0
60.033 -7.671 -2.224 1.0
60.11 -7.645 -2.248 3.0
60.077 -7.631 -2.158 1.0
60.183 -7.589 -2.233 1.0
59.966 -7.254 -2.431 35.0
60.337 -7.501 -2.239 1.0
59.955 -7.154 -2.423 14.0
60.337 -7.497 -2.168 3.0
60.083 -7.73 -2.018 3.0
60.055 -7.716 -1.87 1.0
60.139 -7.723 -1.939 4.0
60.143 -7.738 -1.887 4.0
60.201 -7.66 -1.966 1.0
59.86700000000001 -7.731 -2.217 1.0
60.21 -7.629 -2.026 3.0
60.066 -7.657 -2.153 3.0
60.165 -7.599 -2.229 1.0
60.337 -7.527 -2.034 3.0
60.382 -7.522 -2.031 1.0
59.6 -7.934 -1.818 2.0
60.158 -7.5 -2.443 30.0
59.74200000000001 -7.861 -1.85 1.0
59.995000000000005 -7.739 -2.009 1.0
59.991 -7.708 -2.009 2.0
60.237 -7.669 -1.815 1.0
60.344 -7.594 -1.817 1.0
60.16 -7.654 -2.018 3.0
60.16 -7.621 -1.858 1.0
60.263 -7.594 -2.027 2.0
59.836 -7.854 -1.802 1.0
60.978 -7.585 6.189 17.0
60.954 -7.445 6.216 4.0
61.091 -7.48 6.249000000000001 5.0
61.021 -7.401 6.284 5.0
62.144 -8.279 -2.393 15.0
62.073 -8.412 -2.247 255.0
62.085 -8.439 -2.135 196.0
62.068 -8.34 -2.11 133.0
62.08 -8.381 -2.021 83.0
62.129 -8.385 -1.917 20.0
62.004 -7.140000000000001 -2.455 10.0
62.04400000000001 -7.212 -2.42 93.0
62.049 -7.242 -2.353 19.0
62.058 -7.248 -2.328 118.0
62.054 -7.241000000000001 -2.263 19.0
62.048 -7.199 -2.265 255.0
62.163 -7.156000000000001 -2.26 3.0
62.068 -7.139 -2.325 70.0
62.07 -7.26 -2.241 31.0
62.057 -7.27 -2.118 42.0
62.056000000000004 -7.257000000000001 -2.121 13.0
62.112 -7.19 -2.083 27.0
62.039 -7.125 -2.053 71.0
62.04400000000001 -7.256 -2.462 17.0
62.197 -7.143 -2.079 4.0
62.05000000000001 -7.192 -2.035 255.0
62.083 -7.203 -2.461 24.0
62.065000000000005 -7.209000000000001 -1.927 60.0
62.056000000000004 -7.248 -2.393 15.0
62.017 -7.149 -2.406 26.0
62.071 -7.228 -2.423 23.0
62.159 -8.436 -1.829 12.0
62.092 -8.379 -1.845 70.0
62.102 -8.374 -1.755 143.0
62.089 -8.426 -1.726 37.0
62.093 -8.419 -1.709 255.0
62.102 -8.393 -1.706 33.0
62.086 -8.382 -1.738 79.0
62.116 -8.27 -1.842 2.0
62.121 -7.194 -2.234 17.0
62.056000000000004 -7.233000000000001 -2.059 48.0
62.113 -8.212 -1.772 9.0
62.079 -7.239 -2.089 42.0
62.066 -7.231 -2.079 194.0
62.085 -7.225000000000001 -2.076 45.0
62.094 -8.311 -1.705 155.0
62.104 -8.264 -1.752 1.0
62.113 -8.366 -1.638 28.0
62.112 -8.382 -1.624 33.0
62.06 -7.237 -1.993 21.0
62.058 -7.231 -1.998 17.0
62.057 -7.225000000000001 -1.994 24.0
62.066 -7.302 -1.936 7.0
62.097 -8.381 -1.593 42.0
62.097 -8.422 -1.484 49.0
62.084 -8.370000000000001 -1.504 255.0
62.113 -8.247 -1.521 2.0
62.096 -8.367 -1.419 143.0
62.102 -8.328 -1.357 39.0
62.088 -8.404 -1.774 255.0
62.11400000000001 -8.418000000000001 -1.249 54.0
62.105 -8.384 -1.17 11.0
62.11100000000001 -8.359 -1.164 141.0
62.094 -8.328 -1.776 67.0
62.10800000000001 -8.46 -1.069 3.0
62.112 -8.371 -1.685 26.0
62.11 -8.374 -1.152 32.0
62.097 -8.152000000000001 -1.838 4.0
62.10800000000001 -8.34 -1.102 255.0
62.08 -7.379 -1.848 4.0
62.084 -7.356 -1.811 4.0
62.116 -8.418000000000001 -1.569 76.0
62.062000000000005 -7.239 -1.806 98.0
62.098 -8.374 -1.523 92.0
62.103 -8.358 -1.526 255.0
62.054 -7.225000000000001 -1.709 68.0
62.05300000000001 -7.189 -1.742 21.0
62.105 -8.306000000000001 -1.563 40.0
62.095 -8.417 -1.357 22.0
62.081 -7.196 -1.738 26.0
62.07 -7.202 -1.723 128.0
62.092 -7.172 -1.732 26.0
62.08 -7.161 -1.719 249.0
62.075 -7.217000000000001 -1.664 10.0
62.078 -7.212 -1.658 22.0
62.098 -7.162 -1.704 24.0
62.11100000000001 -7.147 -1.685 31.0
62.04700000000001 -7.139 -1.836 28.0
62.069 -7.183 -1.645 29.0
62.089 -7.177 -1.638 30.0
62.084 -7.171 -1.629 28.0
62.083 -7.158 -1.616 76.0
62.148 -7.263 -1.514 2.0
62.13 -8.286 -1.143 71.0
62.066 -7.169 -1.475 48.0
62.075 -7.22 -1.432 255.0
62.071 -7.203 -1.434 55.0
62.064 -7.213 -1.358 17.0
62.04 -7.31 -1.309 5.0
62.098 -7.328 -1.328 1.0
62.098 -7.151 -1.352 43.0
62.08 -7.23 -1.294 48.0
62.077 -7.165 -1.179 30.0
62.07 -7.245 -1.596 18.0
62.098 -7.184 -1.113 156.0
62.17200000000001 -7.155 -1.079 15.0
62.067 -7.224 -1.507 19.0
62.17 -7.144 -1.183 6.0
62.06 -7.155 -1.445 208.0
63.269 -7.132000000000001 -1.311 9.0
63.25 -7.089 -1.245 1.0
63.29 -7.128 -1.121 8.0
62.109 -7.146 -1.372 8.0
62.064 -7.214 -1.323 150.0
62.092 -7.169 -1.286 28.0
62.113 -7.126 -1.428 29.0
62.078 -7.265000000000001 -1.192 13.0
62.118 -8.342 -1.003 82.0
62.123000000000005 -8.373 -0.915 28.0
62.124 -8.349 -0.885 45.0
62.120000000000005 -8.356 -0.858 40.0
62.122 -7.225000000000001 -1.109 12.0
62.120000000000005 -8.339 -0.947 111.0
62.097 -7.153 -1.057 75.0
62.078 -7.121 -1.102 102.0
62.073 -7.134 -1.088 84.0
62.122 -8.378 -0.852 24.0
62.118 -8.357 -0.852 43.0
62.104 -8.348 -0.743 104.0
62.101 -8.348 -0.734 73.0
62.092 -8.351 -0.728 64.0
62.134 -8.317 -0.848 18.0
62.125 -8.313 -0.855 8.0
62.104 -8.295 -0.786 32.0
62.106 -8.338000000000001 -0.765 80.0
63.248000000000005 -7.138 -1.21 5.0
63.228 -7.100000000000001 -1.145 2.0
62.116 -8.217 -0.851 2.0
62.121 -8.216 -0.76 2.0
62.086 -8.157 -0.785 30.0
62.148 -8.155 -0.792 2.0
62.094 -8.235 -0.74 7.0
62.075 -8.237 -0.727 14.0
62.077 -7.965 -0.786 16.0
62.082 -8.088000000000001 -0.672 36.0
62.081 -7.967000000000001 -0.67 37.0
62.119 -8.283 -0.916 78.0
62.078 -7.925 -0.848 5.0
62.087 -7.923 -0.85 3.0
62.081 -7.897 -0.784 36.0
62.122 -8.291 -0.898 42.0
62.120000000000005 -8.338000000000001 -0.869 8.0
62.107 -8.366 -0.837 38.0
62.087 -7.784 -0.849 4.0
62.076 -7.844 -0.668 35.0
62.056000000000004 -7.786 -0.728 26.0
62.11700000000001 -8.292 -0.804 73.0
62.074 -7.904 -0.858 4.0
62.099 -8.009 -0.79 2.0
62.05300000000001 -7.646 -0.728 25.0
62.085 -7.727 -0.667 31.0
62.061 -7.641 -0.699 39.0
62.079 -7.605 -0.665 23.0
62.079 -7.754 -0.806 3.0
62.076 -7.767 -0.783 37.0
62.055 -7.527 -0.721 33.0
62.059000000000005 -7.521 -0.693 33.0
62.071 -7.396 -0.688 28.0
62.059000000000005 -7.74 -0.814 39.0
62.073 -7.187 -0.996 23.0
62.092 -7.17 -0.993 72.0
62.087 -7.161 -0.982 255.0
62.076 -7.183 -0.976 28.0
62.071 -7.186 -0.957 25.0
62.1 -7.323 -0.882 2.0
62.076 -7.223 -0.933 13.0
62.085 -7.196 -0.934 15.0
62.098 -7.138 -0.929 33.0
62.10800000000001 -7.129 -0.887 30.0
62.193 -7.079 -0.994 5.0
62.328 -7.129 -0.893 2.0
62.055 -7.248 -0.791 23.0
62.074 -7.258 -0.839 12.0
62.076 -7.151 -0.676 4.0
62.059000000000005 -7.123 -0.785 13.0
62.041 -7.055 -0.696 8.0
62.146 -7.154 -0.978 29.0
62.102 -7.177 -0.948 24.0
62.291 -7.083 -0.78 7.0
62.092 -7.177 -0.905 26.0
62.102 -7.158 -0.885 31.0
62.095 -7.187 -0.862 187.0
62.129 -7.115 -0.944 25.0
62.149 -7.118 -0.935 13.0
62.219 -7.126 -0.993 3.0
62.122 -7.106 -0.868 23.0
62.23600000000001 -7.128 -0.898 2.0
63.328 -8.355 -0.908 2.0
63.312000000000005 -8.374 -0.872 12.0
63.156 -7.077 -0.851 10.0
63.24200000000001 -7.100000000000001 -1.01 4.0
63.188 -7.116000000000001 -0.926 2.0
63.212 -7.115 -0.918 3.0
62.065000000000005 -7.224 -0.845 19.0
64.34100000000001 -7.102 -0.899 15.0
62.074 -7.141 -0.833 63.0
62.109 -7.11 -0.845 22.0
62.077 -7.139 -0.824 255.0
62.879 -7.08 -0.849 9.0
62.859 -7.089 -0.836 7.0
63.227 -7.088 -0.838 7.0
64.387 -8.337 -1.977 19.0
64.494 -8.296 -1.877 130.0
63.335 -7.044 -0.835 2.0
63.694 -7.058 -0.854 11.0
64.452 -7.256 -2.299 2.0
64.42 -8.408 -1.931 17.0
64.406 -7.144 -2.29 49.0
64.4 -8.298 -2.049 2.0
64.48 -8.299 -1.929 6.0
64.459 -7.327 -2.211 2.0
64.416 -7.19 -2.245 11.0
64.398 -7.149 -2.15 255.0
64.396 -7.134 -2.251 43.0
64.459 -7.282 -1.859 1.0
64.419 -7.186 -2.163 39.0
64.378 -7.073 -2.238 11.0
65.514 -7.259 -2.373 2.0
65.531 -7.214 -2.334 2.0
64.408 -7.183 -2.007 56.0
64.403 -7.157 -1.86 7.0
64.45700000000001 -7.091 -1.887 13.0
65.494 -7.401 -2.252 8.0
65.509 -7.436 -2.21 10.0
65.532 -7.409 -2.221 4.0
65.5 -7.349 -2.338 2.0
65.58800000000001 -7.293 -2.221 8.0
64.435 -8.379 -1.811 9.0
64.436 -8.365 -1.818 8.0
64.447 -8.453 -1.701 30.0
64.433 -8.366 -1.708 22.0
64.45700000000001 -8.244 -1.816 1.0
64.47 -8.313 -1.777 30.0
64.456 -8.33 -1.718 12.0
64.431 -8.342 -1.551 108.0
64.397 -8.32 -1.605 72.0
64.477 -8.304 -1.574 34.0
64.422 -8.411 -1.261 7.0
64.45700000000001 -8.365 -1.292 4.0
64.464 -8.315 -1.424 50.0
64.446 -8.33 -1.333 8.0
64.447 -8.332 -1.26 18.0
64.453 -8.318 -1.269 53.0
65.492 -7.295 -2.203 2.0
64.505 -8.466 -1.2 27.0
64.44800000000001 -8.342 -1.195 95.0
64.422 -8.377 -1.155 36.0
64.462 -8.328 -1.241 64.0
64.541 -8.272 -1.098 21.0
64.44 -8.32 -1.845 91.0
64.518 -8.035 -1.156 27.0
64.514 -7.919 -1.152 13.0
64.413 -7.191 -1.826 12.0
64.418 -7.145 -1.81 208.0
64.414 -7.161 -1.663 19.0
64.421 -7.112 -1.809 23.0
64.488 -8.282 -1.501 11.0
64.44 -8.356 -1.362 35.0
64.427 -8.339 -1.416 87.0
64.482 -7.073 -1.765 22.0
64.414 -7.126 -1.723 30.0
64.438 -7.089 -1.709 27.0
64.414 -7.129 -1.721 29.0
64.418 -7.136 -1.691 168.0
64.419 -7.127 -1.691 76.0
64.484 -8.453 -1.105 3.0
64.455 -7.168 -1.588 38.0
64.436 -7.104 -1.599 23.0
64.46900000000001 -8.322000000000001 -1.103 51.0
64.428 -7.137 -1.483 43.0
64.426 -7.112 -1.464 25.0
64.412 -7.211 -1.831 5.0
64.409 -7.02 -1.544 11.0
64.406 -7.181 -1.796 13.0
64.407 -7.189 -1.744 13.0
64.393 -7.212 -1.359 91.0
64.416 -7.157 -1.381 177.0
64.434 -7.139 -1.452 48.0
64.414 -7.096 -1.356 21.0
64.392 -7.025 -1.445 1.0
64.44 -7.182 -1.254 32.0
64.499 -7.035 -1.81 7.0
64.44500000000001 -7.11 -1.164 27.0
64.426 -7.084000000000001 -1.191 55.0
64.458 -7.107 -1.119 170.0
65.58200000000001 -6.463 -2.183 13.0
65.652 -6.476 -1.795 6.0
65.589 -6.489 -1.738 7.0
65.659 -6.461 -1.696 4.0
64.405 -7.076000000000001 -1.428 18.0
65.627 -6.469 -1.652 7.0
65.586 -6.474 -1.571 8.0
65.624 -6.457 -1.493 11.0
65.668 -6.49 -1.515 3.0
65.568 -6.43 -2.257 4.0
65.562 -6.44 -2.241 11.0
65.604 -6.529 -1.506 7.0
66.668 -6.698 -2.273 16.0
66.617 -6.728 -2.232 26.0
64.43900000000001 -8.343 -0.964 8.0
66.553 -6.932 -2.277 25.0
64.45400000000001 -8.372 -0.906 100.0
64.453 -8.314 -1.03 55.0
64.549 -8.259 -1.05 11.0
64.46600000000001 -8.315 -0.932 10.0
64.468 -8.323 -0.888 5.0
64.44500000000001 -8.364 -0.763 13.0
64.502 -8.436 -0.809 2.0
66.516 -6.79 -2.218 24.0
66.57000000000001 -6.718 -2.242 32.0
64.483 -8.295 -0.807 7.0
64.441 -8.317 -0.741 59.0
64.504 -7.198 -0.925 1.0
64.417 -7.078 -1.008 220.0
64.42 -7.11 -0.949 23.0
64.433 -7.116000000000001 -0.936 24.0
64.44800000000001 -7.126 -0.921 86.0
64.444 -7.144 -0.914 4.0
64.426 -7.06 -0.895 4.0
65.626 -6.464 -0.629 13.0
64.418 -8.376 -1.034 20.0
64.44 -8.356 -1.041 37.0
65.637 -6.436 -0.538 10.0
65.615 -6.363 -0.554 255.0
65.614 -6.375 -0.528 2.0
65.629 -6.377 -0.52 255.0
65.612 -6.306 -0.53 255.0
65.635 -6.469 -0.457 71.0
64.44800000000001 -8.338000000000001 -0.984 8.0
64.447 -8.321 -0.984 46.0
64.45 -8.334 -0.959 10.0
64.433 -8.32 -0.935 25.0
65.63 -6.349 -0.452 255.0
64.435 -8.305 -0.841 34.0
65.622 -6.286 -0.391 255.0
65.621 -6.259 -0.366 255.0
65.616 -6.188 -0.446 255.0
65.618 -6.335 -0.336 255.0
65.616 -6.294 -0.354 255.0
64.426 -7.082 -0.965 39.0
64.43 -7.093 -0.917 30.0
64.45 -7.008 -0.915 1.0
65.641 -6.456 -0.5 227.0
65.63 -6.18 -0.355 255.0
65.629 -6.232 -0.276 255.0
65.587 -6.034 -0.514 3.0
65.634 -6.119 -0.409 255.0
65.611 -6.229 -0.52 49.0
65.614 -6.095 -0.328 255.0
65.669 -6.549 -0.228 5.0
65.664 -6.536 -0.252 7.0
65.63 -6.379 -0.372 255.0
65.632 -6.384 -0.191 255.0
65.627 -6.366000000000001 -0.193 255.0
65.635 -6.371 -0.176 255.0
65.629 -6.361 -0.177 255.0
65.652 -6.416 -0.245 255.0
65.659 -6.43 -0.234 255.0
65.619 -6.311 -0.449 255.0
65.628 -6.229 -0.447 255.0
65.629 -6.459000000000001 -0.084 255.0
65.625 -6.428 -0.143 255.0
65.633 -6.398000000000001 -0.127 255.0
65.629 -6.355 -0.083 255.0
65.631 -6.298 -0.239 255.0
65.637 -6.307 -0.227 255.0
65.628 -6.317 -0.217 255.0
65.628 -6.32 -0.179 255.0
65.637 -6.228 -0.227 255.0
65.63 -6.218 -0.194 255.0
65.623 -6.228 -0.17 255.0
65.634 -6.202 -0.18 255.0
65.625 -6.2 -0.174 255.0
65.631 -6.308 -0.115 255.0
65.626 -6.21 -0.092 255.0
65.622 -6.226 -0.076 255.0
65.624 -6.138 -0.36 255.0
65.629 -6.054 -0.226 77.0
65.677 -6.547 -0.129 6.0
65.623 -6.095 -0.068 255.0
65.65 -6.428 -0.122 255.0
65.634 -6.175 -0.233 255.0
65.634 -6.179 -0.219 255.0
65.622 -6.189 -0.208 255.0
65.628 -6.178 -0.199 255.0
65.626 -6.268 -0.146 255.0
65.626 -6.265000000000001 -0.146 255.0
65.624 -6.194 -0.133 255.0
65.626 -6.367 -0.056 255.0
65.621 -6.066 -0.202 255.0
65.62 -6.093 -0.163 255.0
41.374 -7.915 -1.995 17.0
41.362 -7.921 -1.958 31.0
41.36400000000001 -7.914000000000001 -1.961 53.0
41.37 -7.925 -1.94 47.0
41.441 -7.927 -1.956 41.0
41.479 -7.896 -1.973 34.0
41.552 -7.899 -1.96 32.0
41.606 -7.889 -1.999 17.0
41.589 -7.872 -1.986 51.0
41.595 -7.872 -1.987 35.0
41.589 -7.879 -1.955 32.0
41.459 -7.921 -1.951 27.0
41.446 -7.913 -1.945 36.0
41.455 -7.916 -1.921 36.0
41.459 -7.912 -1.906 37.0
41.516 -7.895 -1.95 59.0
41.508 -7.903 -1.919 50.0
41.533 -7.905 -1.927 39.0
41.505 -7.888 -1.938 47.0
41.532 -7.908 -1.89 40.0
41.506 -7.911 -1.862 15.0
41.512 -7.898000000000001 -1.865 19.0
41.537 -7.893 -1.913 39.0
41.58 -7.886 -1.924 49.0
41.566 -7.896 -1.875 23.0
41.615 -7.894 -1.897 28.0
41.593 -7.873 -1.858 23.0
41.633 -7.871 -1.867 29.0
41.413 -7.928 -1.973 15.0
41.398 -7.908 -1.926 48.0
41.43 -7.914000000000001 -1.913 38.0
41.433 -7.912 -1.876 22.0
41.432 -7.894 -1.872 40.0
41.518 -7.914000000000001 -1.962 61.0
41.595 -7.901 -1.967 41.0
41.46 -7.904 -1.903 15.0
41.452 -7.909 -1.87 14.0
41.605 -7.889 -1.933 46.0
41.612 -7.868 -1.951 48.0
41.633 -7.881 -1.921 31.0
41.618 -7.867 -1.92 17.0
41.538 -7.876 -1.885 42.0
41.561 -7.881 -1.892 27.0
41.7 -7.855 -1.999 38.0
41.712 -7.849 -2.002 27.0
41.715 -7.855 -1.963 34.0
41.826 -7.847 -1.971 56.0
41.661 -7.878 -1.929 41.0
41.68 -7.875 -1.938 38.0
41.657 -7.867 -1.884 25.0
41.68 -7.872 -1.886 21.0
41.676 -7.873 -1.884 23.0
41.648 -7.855 -1.897 52.0
41.661 -7.843 -1.859 37.0
41.676 -7.852 -1.865 33.0
41.758 -7.863 -1.944 27.0
41.83 -7.845 -1.949 53.0
41.814 -7.851 -1.94 46.0
41.811 -7.850000000000001 -1.936 38.0
41.834 -7.866000000000001 -1.983 53.0
41.66 -7.881 -1.971 17.0
41.676 -7.891 -1.973 35.0
41.668 -7.869 -1.96 36.0
41.773 -7.883 -2.007 19.0
41.761 -7.861 -1.981 21.0
41.756 -7.88 -1.978 29.0
41.744 -7.856 -1.965 33.0
41.73300000000001 -7.86 -1.934 22.0
41.684 -7.857 -1.907 31.0
41.722 -7.866000000000001 -1.928 16.0
41.695 -7.877 -1.903 21.0
41.81 -7.851 -1.899 23.0
41.769 -7.841 -1.883 28.0
41.771 -7.834000000000001 -1.874 36.0
41.395 -7.9 -1.84 41.0
41.46 -7.895 -1.849 11.0
41.494 -7.888 -1.85 22.0
41.628 -7.867 -1.838 12.0
41.597 -7.858000000000001 -1.836 31.0
41.632 -7.88 -1.814 38.0
41.541 -7.886 -1.8 28.0
41.659 -7.884 -1.831 53.0
41.653 -7.865 -1.813 38.0
41.706 -7.866000000000001 -1.819 47.0
41.495 -7.903 -1.85 20.0
41.558 -7.895 -1.81 30.0
41.579 -7.896 -1.826 41.0
41.73600000000001 -7.869 -1.836 62.0
41.72 -7.839 -1.852 8.0
50.128 -7.053 -0.814 12.0
50.09 -7.038 -0.704 17.0
50.081 -7.009 -0.683 21.0
50.085 -7.011 -0.685 16.0
50.1 -7.033 -0.658 21.0
50.088 -6.956 -0.659 20.0
50.109 -7.035 -0.735 23.0
50.074 -7.112 -0.617 0.0
50.075 -7.014 -0.64 3.0
50.072 -6.996 -0.635 20.0
50.094 -7.017 -0.614 9.0
50.074 -6.991000000000001 -0.617 18.0
50.096 -6.99 -0.612 13.0
50.079 -6.963 -0.622 16.0
50.083 -6.949 -0.624 19.0
50.073 -6.95 -0.605 21.0
50.086 -6.97 -0.602 17.0
50.062 -7.092000000000001 -0.492 7.0
50.075 -7.028 -0.538 15.0
50.083 -6.995 -0.546 59.0
50.091 -6.956 -0.537 20.0
50.066 -6.981 -0.514 18.0
50.097 -7.03 -0.523 19.0
50.073 -6.97 -0.515 151.0
50.091 -6.951000000000001 -0.527 4.0
50.063 -7.018 -0.474 4.0
50.057 -7.132000000000001 -0.415 15.0
50.051 -7.072 -0.448 255.0
50.05300000000001 -7.083 -0.443 137.0
50.05000000000001 -7.057 -0.44 255.0
50.059 -7.052 -0.437 255.0
50.046 -7.047 -0.406 255.0
50.05300000000001 -7.045 -0.371 255.0
50.144 -7.063 -0.406 6.0
50.065 -7.002 -0.446 255.0
50.07 -6.973 -0.437 255.0
50.056000000000004 -6.966 -0.455 255.0
50.039 -7.04 -0.378 255.0
50.05000000000001 -7.04 -0.378 255.0
50.059 -6.947 -0.373 255.0
50.03 -7.08 -0.299 255.0
50.032 -7.063 -0.312 255.0
50.042 -7.008 -0.344 255.0
50.048 -6.979 -0.338 255.0
50.055 -6.994 -0.326 255.0
50.05300000000001 -7.016 -0.482 57.0
50.061 -6.971 -0.466 255.0
50.059 -6.987 -0.262 255.0
50.028 -7.096 -0.206 255.0
50.046 -7.094 -0.257 221.0
50.036 -7.083 -0.241 255.0
50.046 -7.073 -0.211 255.0
50.046 -7.06 -0.222 255.0
50.076 -7.12 -0.399 2.0
50.067 -7.113 -0.383 58.0
50.051 -7.068000000000001 -0.178 255.0
50.077 -6.96 -0.231 255.0
50.039 -7.037 -0.449 255.0
50.05300000000001 -7.024 -0.432 255.0
50.05000000000001 -7.02 -0.41 255.0
50.045 -7.027 -0.204 255.0
50.041 -7.031000000000001 -0.192 255.0
50.056000000000004 -6.99 -0.207 255.0
50.058 -6.956 -0.202 255.0
50.066 -6.989 -0.178 255.0
50.045 -6.981 -0.406 255.0
50.048 -6.98 -0.393 255.0
50.074 -6.974 -0.136 234.0
50.07 -6.958 -0.125 255.0
50.046 -6.998 -0.299 255.0
50.031 -7.121 -0.23 255.0
50.057 -7.085 -0.217 255.0
50.055 -7.013 -0.238 255.0
50.054 -7.04 -0.231 255.0
50.074 -6.997 -0.219 255.0
50.058 -7.016 -0.175 255.0
50.1 -6.944 -0.672 21.0
50.119 -6.933 -0.686 23.0
50.087 -6.925 -0.632 18.0
50.101 -6.935 -0.565 25.0
50.162 -6.903 -0.626 12.0
50.101 -6.905 -0.504 196.0
50.06 -6.945 -0.479 61.0
50.157 -6.898000000000001 -0.536 4.0
50.11400000000001 -6.842000000000001 -0.474 215.0
50.11100000000001 -6.841 -0.46 248.0
50.061 -6.922 -0.455 255.0
50.078 -6.932 -0.445 255.0
50.086 -6.896 -0.437 255.0
50.073 -6.934 -0.428 255.0
50.064 -6.908 -0.39 255.0
50.08 -6.836 -0.388 255.0
50.083 -6.815 -0.398 255.0
50.087 -6.764 -0.385 2.0
50.052 -6.938 -0.342 255.0
50.066 -6.868 -0.34 255.0
50.061 -6.917 -0.299 255.0
50.115 -6.924 -0.616 20.0
50.133 -6.91 -0.613 20.0
50.131 -6.9 -0.612 1.0
50.079 -6.942 -0.543 21.0
50.076 -6.944 -0.518 15.0
50.121 -6.916 -0.546 30.0
50.125 -6.917 -0.538 30.0
50.118 -6.94 -0.529 23.0
50.08 -6.837 -0.299 255.0
50.137 -6.879 -0.547 30.0
50.084 -6.737 -0.393 0.0
50.08 -6.872 -0.233 255.0
50.086 -6.871 -0.232 255.0
50.093 -6.88 -0.231 255.0
50.074 -6.868 -0.185 255.0
50.094 -6.802 -0.23 255.0
50.087 -6.815 -0.199 255.0
50.096 -6.817 -0.197 255.0
50.096 -6.83 -0.178 255.0
50.064 -6.890000000000001 -0.454 255.0
50.092 -6.862 -0.443 255.0
50.098 -6.873 -0.43 255.0
50.096 -6.858000000000001 -0.433 255.0
50.086 -6.847 -0.423 255.0
50.106 -6.882000000000001 -0.126 255.0
50.088 -6.881 -0.387 255.0
50.077 -6.892 -0.372 255.0
50.078 -6.853 -0.368 255.0
50.154 -6.872 -0.418 46.0
50.101 -6.791 -0.441 255.0
50.087 -6.764 -0.418 25.0
50.088 -6.798 -0.337 255.0
50.069 -6.834000000000001 -0.332 255.0
50.07 -6.943000000000001 -0.236 255.0
50.061 -6.903 -0.248 255.0
50.081 -6.942 -0.231 255.0
50.09 -6.909 -0.22 255.0
50.08 -6.902 -0.202 255.0
50.078 -6.908 -0.178 255.0
50.079 -6.904 -0.179 255.0
50.106 -6.9 -0.141 255.0
40.589 -11.353 1.162 73.0
40.668 -11.272 1.188 255.0
40.66900000000001 -11.246 1.2 5.0
40.67800000000001 -11.259 1.233 255.0
40.674 -11.248000000000003 1.212 47.0
40.67 -11.237 1.216 255.0
40.679 -11.241 1.212 255.0
40.662 -11.241 1.224 255.0
40.716 -11.261000000000003 1.19 255.0
40.705 -11.257 1.229 255.0
40.711 -11.258 1.228 255.0
40.751 -11.266 1.188 255.0
40.752 -11.238 1.215 255.0
40.79700000000001 -11.258 1.233 2.0
40.756 -11.241 1.227 103.0
40.806 -11.258 1.227 255.0
40.775 -11.252 1.218 255.0
40.77 -11.25 1.232 255.0
40.702 -11.135 1.139 255.0
40.769 -11.207 1.173 6.0
40.769 -11.209 1.214 255.0
40.658 -11.237 1.253 255.0
40.668 -11.254 1.244 6.0
40.676 -11.251 1.258 255.0
40.656 -11.242 1.269 255.0
40.667 -11.251 1.275 22.0
40.707 -11.266 1.269 255.0
40.71 -11.242 1.267 255.0
40.644 -11.236 1.333 255.0
40.767 -11.259 1.283 3.0
40.73900000000001 -11.246 1.266 255.0
40.782 -11.254 1.264 255.0
40.754 -11.261000000000003 1.304 255.0
40.77 -11.268 1.292 255.0
40.77 -11.247 1.293 255.0
40.76 -11.268 1.321 255.0
40.746 -11.266 1.314 255.0
40.645 -11.226 1.266 255.0
40.673 -11.223 1.266 255.0
40.769 -11.255 1.33 255.0
40.771 -11.133 1.001 255.0
40.735 -11.118 1.045 255.0
40.701 -11.196 1.283 255.0
40.73900000000001 -11.23 1.331 255.0
40.835 -11.223 1.323 255.0
41.014 -11.133 1.116 255.0
40.644 -11.196 1.227 0.0
40.884 -11.264 1.179 255.0
40.855 -11.261000000000003 1.22 255.0
40.884 -11.275 1.229 255.0
40.857 -11.25 1.221 255.0
40.842 -11.231 1.215 255.0
40.85800000000001 -11.243 1.227 1.0
40.854 -11.25 1.231 255.0
40.93 -11.27 1.189 255.0
40.907 -11.258 1.225 255.0
40.92200000000001 -11.236 1.213 255.0
40.998 -11.259 1.211 255.0
41.01 -11.262 1.223 255.0
41.007 -11.236 1.213 255.0
41.022 -11.252 1.229 255.0
41.027 -11.25 1.229 255.0
40.689 -11.251 1.291 255.0
40.704 -11.272 1.327 255.0
40.727 -11.276 1.313 255.0
40.98 -11.17 1.141 255.0
40.872 -11.256 1.266 21.0
40.818 -11.264 1.263 255.0
40.805 -11.239 1.27 255.0
40.827 -11.243 1.264 255.0
40.828 -11.264 1.316 255.0
40.859 -11.258 1.292 12.0
40.961 -11.233 1.236 62.0
40.975 -11.247 1.274 255.0
40.859 -11.251 1.296 255.0
40.943 -11.249 1.298 255.0
40.874 -11.266 1.315 255.0
40.84 -11.23 1.256 255.0
40.938 -11.233 1.327 255.0
40.849 -11.251 1.335 255.0
40.859 -11.229 1.256 255.0
40.843 -11.213 1.28 255.0
40.756 -11.227 1.255 255.0
40.768 -11.222 1.261 255.0
40.955 -11.229 1.251 255.0
40.937 -11.216000000000003 1.318 255.0
40.79400000000001 -11.162 1.296 255.0
41.051 -11.266 1.169 255.0
41.042 -11.248000000000003 1.178 2.0
41.11100000000001 -11.264 1.2 68.0
41.104 -11.256 1.227 255.0
41.112 -11.261000000000003 1.221 255.0
41.092 -11.236 1.212 255.0
41.116 -11.251 1.233 255.0
41.112 -11.238 1.229 255.0
41.221 -11.268 1.172 18.0
41.14 -11.258 1.203 255.0
41.159 -11.251 1.233 10.0
40.95 -11.271 1.232 255.0
40.951 -11.258 1.226 255.0
40.938 -11.251 1.23 255.0
40.985 -11.208 1.2 255.0
40.932 -11.27 1.258 255.0
40.917 -11.258 1.25 255.0
40.907 -11.245 1.255 255.0
40.905 -11.263 1.284 255.0
40.91 -11.247 1.261 255.0
40.903 -11.252 1.271 255.0
40.893 -11.24 1.272 255.0
41.039 -11.26 1.252 255.0
41.087 -11.244 1.256 255.0
41.055 -11.235 1.239 116.0
41.104 -11.259 1.265 75.0
41.08 -11.248000000000003 1.257 255.0
41.134 -11.254 1.285 255.0
41.045 -11.273 1.276 255.0
41.067 -11.247 1.277 255.0
41.083 -11.259 1.289 29.0
41.084 -11.265 1.324 255.0
41.038 -11.236 1.326 255.0
41.105 -11.269 1.304 255.0
41.113 -11.247 1.302 255.0
41.132 -11.267 1.324 10.0
40.992 -11.272 1.254 7.0
40.993 -11.246 1.256 255.0
41.001 -11.242 1.259 255.0
41.035 -11.241 1.241 6.0
41.021 -11.252 1.278 255.0
40.988 -11.264 1.309 255.0
41.034 -11.263 1.289 255.0
41.029 -11.25 1.3 255.0
40.996 -11.263 1.321 255.0
41.017 -11.253 1.327 255.0
40.837 -11.23 1.329 255.0
40.893 -11.26 1.296 255.0
40.909 -11.26 1.318 255.0
40.899 -11.251 1.333 255.0
41.201 -11.25 1.237 255.0
41.192 -11.234 1.25 4.0
41.212 -11.237 1.237 255.0
41.136 -11.255 1.321 255.0
41.168 -11.263 1.327 255.0
41.153 -11.247 1.32 6.0
41.137 -11.235 1.324 255.0
41.05000000000001 -11.23 1.245 255.0
41.15 -11.224 1.241 255.0
40.865 -11.111 1.258 54.0
41.04400000000001 -11.266 1.23 255.0
41.193 -11.264 1.191 255.0
41.224 -11.268 1.207 255.0
41.216 -11.255 1.21 55.0
41.224 -11.272 1.235 255.0
41.206 -11.246 1.218 255.0
41.194 -11.252 1.226 255.0
41.155 -11.268 1.247 255.0
41.15 -11.238 1.242 127.0
41.17 -11.247 1.258 255.0
41.174 -11.25 1.251 21.0
41.173 -11.246 1.253 255.0
41.179 -11.264 1.268 255.0
41.176 -11.268 1.281 255.0
41.162 -11.245 1.28 255.0
41.202 -11.25 1.304 255.0
41.133 -11.216000000000003 1.308 255.0
41.235 -11.311 0.916 1.0
40.664 -11.25 1.345 255.0
40.832 -11.236 1.356 255.0
40.79400000000001 -11.237 1.38 255.0
40.813 -11.249 1.399 255.0
40.831 -11.263 1.419 255.0
40.811 -11.231 1.414 255.0
40.689 -11.156 1.349 66.0
40.838 -11.274 1.377 255.0
40.883 -11.232000000000003 1.38 255.0
40.847 -11.264 1.432 89.0
40.856 -11.257 1.434 255.0
40.885 -11.248000000000003 1.427 45.0
40.954 -11.265 1.343 255.0
40.98 -11.268 1.363 255.0
40.975 -11.234 1.38 255.0
40.954 -11.259 1.398 255.0
40.977 -11.243 1.408 255.0
40.985 -11.248000000000003 1.424 255.0
41.027 -11.246 1.411 197.0
40.923 -11.214 1.376 255.0
40.917 -11.162 1.369 255.0
40.906 -11.221 1.412 255.0
40.962 -11.229 1.433 255.0
40.886 -11.261000000000003 1.483 255.0
40.863 -11.24 1.46 9.0
40.708 -11.245 1.38 255.0
40.71 -11.249 1.393 255.0
40.909 -11.246 1.459 255.0
40.934 -11.251 1.436 255.0
40.907 -11.248000000000003 1.48 20.0
40.783 -11.257 1.339 255.0
40.933 -11.26 1.5 20.0
40.916 -11.239 1.488 241.0
40.907 -11.232000000000003 1.512 19.0
40.824 -11.195 1.374 255.0
41.026 -11.258 1.441 255.0
41.005 -11.253 1.436 49.0
40.99 -11.251 1.457 255.0
41.013 -11.248000000000003 1.507 188.0
40.87 -11.212 1.439 255.0
40.914 -11.239 1.357 255.0
40.889 -11.273 1.363 255.0
40.927 -11.243 1.406 255.0
40.927 -11.255 1.421 255.0
40.906 -11.253 1.421 255.0
41.103 -11.257 1.336 9.0
41.11100000000001 -11.252 1.352 255.0
41.113 -11.256 1.415 39.0
40.995 -11.243 1.357 255.0
41.025 -11.253 1.346 255.0
41.168 -11.245 1.382 255.0
41.193 -11.27 1.354 255.0
41.211 -11.26 1.359 255.0
41.078 -11.201 1.355 255.0
41.144 -11.194 1.387 255.0
41.099 -11.291 1.499 255.0
40.96 -11.259 1.445 148.0
40.951 -11.266 1.463 255.0
40.941 -11.235 1.509 255.0
40.981 -11.246 1.514 1.0
41.071 -11.238 1.381 255.0
41.045 -11.25 1.414 255.0
41.192 -11.262 1.437 19.0
41.373 -11.025 0.602 2.0
41.371 -11.024 0.629 10.0
41.395 -11.006 0.682 16.0
41.368 -11.057 0.693 13.0
41.394 -11.011000000000003 0.704 8.0
41.371 -11.062 0.697 12.0
41.382 -11.065 0.698 8.0
41.376 -11.042 0.694 8.0
41.383 -11.048 0.715 5.0
41.375 -11.052 0.736 13.0
41.385 -11.047 0.724 14.0
41.394 -11.086 0.773 32.0
41.389 -11.085 0.814 62.0
41.378 -11.04 0.798 149.0
41.399 -11.047 0.819 8.0
41.393 -11.041 0.815 255.0
41.407 -10.969 0.78 255.0
41.39 -10.966000000000003 0.786 255.0
41.405 -10.939 0.792 255.0
41.399 -10.951 0.816 255.0
41.371 -11.066 0.883 255.0
41.39 -11.056 0.894 255.0
41.388 -11.055 0.932 89.0
41.405 -10.979 0.857 255.0
41.402 -10.946 0.86 255.0
41.401 -10.948 0.881 255.0
41.389 -11.016 0.901 255.0
41.401 -10.988 0.89 255.0
41.404 -10.974 0.89 255.0
41.395 -10.958 0.907 255.0
41.399 -11.061 0.744 63.0
41.4 -11.061 0.751 28.0
41.39 -11.062 0.772 28.0
41.401 -11.065 0.773 60.0
41.401 -11.053 0.781 255.0
41.406 -10.99 0.788 255.0
41.398 -11.012 0.828 5.0
41.39 -10.995 0.815 255.0
41.393 -10.992 0.75 255.0
41.4 -11.009 0.784 255.0
41.403 -11.067 0.855 199.0
41.4 -11.037 0.854 255.0
41.386 -11.073 0.867 41.0
41.4 -11.078 0.876 50.0
41.398 -11.034 0.878 255.0
41.383 -11.042 0.908 255.0
41.366 -11.05 0.916 255.0
41.404 -11.023 0.856 255.0
41.395 -10.993 0.856 255.0
41.403 -11.018 0.882 255.0
41.391 -10.989 0.874 255.0
41.395 -10.991 0.879 255.0
41.384 -10.971 0.911 255.0
41.382 -10.968 0.904 255.0
41.39 -11.069 0.958 255.0
41.389 -11.048 0.955 255.0
41.406 -11.065 0.964 74.0
41.408 -11.057 0.973 255.0
41.402 -11.066 0.982 26.0
41.38 -11.027000000000003 0.95 255.0
41.407 -11.021 1.033 255.0
41.395 -11.006 1.033 255.0
41.404 -10.995 1.015 255.0
41.401 -10.949 0.993 255.0
41.406 -10.97 1.018 255.0
41.401 -10.978 1.035 255.0
41.398 -10.936 1.021 255.0
41.4 -11.058 1.103 255.0
41.407 -11.05 1.105 255.0
41.407 -11.033 1.106 255.0
41.404 -11.046 1.127 255.0
41.398 -10.999 1.043 255.0
41.407 -11.016 1.067 255.0
41.396 -11.004 1.069 255.0
41.405 -10.993 1.07 255.0
41.407 -11.022 1.1 255.0
41.402 -11.006 1.108 255.0
41.404 -10.983 1.098 255.0
41.404 -10.988 1.107 255.0
41.402 -11.003 1.128 255.0
41.405 -10.945 1.108 255.0
41.408 -10.96 1.112 255.0
41.407 -10.96 1.13 255.0
41.382 -11.045 0.954 255.0
41.39 -11.057 1.033 255.0
41.4 -11.066 1.03 131.0
41.411 -11.08 1.027 44.0
41.39 -11.021 0.957 255.0
41.386 -10.995 0.953 255.0
41.406 -11.014 0.975 255.0
41.394 -10.961 0.949 255.0
41.391 -10.972 0.956 255.0
41.395 -10.962 0.97 205.0
41.408 -10.97 0.977 255.0
41.412 -10.972 0.982 255.0
41.412 -10.961 0.981 75.0
41.391 -11.061 1.046 255.0
41.393 -11.031 1.042 255.0
41.393 -11.067 1.076 255.0
41.396 -11.048 1.069 255.0
41.391 -11.036 1.082 255.0
41.404 -10.937 1.039 255.0
41.404 -10.933 1.038 255.0
41.412 -10.939 1.039 255.0
41.411 -10.94 1.074 255.0
41.402 -11.033 1.178 255.0
41.287 -10.953 1.142 255.0
41.373 -11.011000000000003 1.206 2.0
41.372 -10.999 1.194 2.0
41.369 -10.952 1.296 1.0
41.397 -10.849 0.731 132.0
41.406 -10.923 0.784 255.0
41.405 -10.92 0.79 255.0
41.408 -10.886000000000003 0.797 255.0
41.395 -10.906 0.816 255.0
41.406 -10.812 0.78 246.0
41.401 -10.795 0.786 255.0
41.402 -10.831 0.788 184.0
41.414 -10.831 0.802 255.0
41.407 -10.787 0.798 255.0
41.399 -10.817 0.817 255.0
41.407 -10.892 0.858 255.0
41.399 -10.926 0.885 255.0
41.401 -10.901 0.863 255.0
41.395 -10.906 0.882 255.0
41.402 -10.904 0.882 255.0
41.402 -10.91 0.891 255.0
41.403 -10.888 0.897 255.0
41.406 -10.889 0.898 255.0
41.397 -10.902000000000003 0.912 255.0
41.395 -10.897 0.935 255.0
41.408 -10.764 0.874 255.0
41.412 -10.761000000000003 0.862 255.0
41.396 -10.824 0.889 255.0
41.391 -10.831 0.895 255.0
41.407 -10.797 0.905 255.0
41.411 -10.789 0.9 255.0
41.413 -10.788 0.906 255.0
41.404 -10.787 0.922 255.0
41.389 -10.78 0.898 255.0
41.405 -10.774 0.887 255.0
41.386 -10.755 0.89 255.0
41.397 -10.743 0.896 255.0
41.418 -10.642 0.749 255.0
41.411 -10.68 0.777 255.0
41.412 -10.654 0.806 255.0
41.413 -10.638 0.806 255.0
41.407 -10.662 0.82 255.0
41.416 -10.673 0.816 255.0
41.402 -10.638 0.819 255.0
41.414 -10.58 0.754 255.0
41.415 -10.565 0.812 255.0
41.41900000000001 -10.566 0.826 255.0
41.409 -10.55 0.82 255.0
41.42 -10.541 0.814 255.0
41.406 -10.719 0.877 255.0
41.413 -10.717 0.863 255.0
41.4 -10.91 0.726 67.0
41.411 -10.677 0.909 255.0
41.406 -10.654 0.904 255.0
41.415 -10.644 0.893 255.0
41.417 -10.669 0.934 255.0
41.399 -10.624 0.883 255.0
41.417 -10.63 0.865 255.0
41.413 -10.626 0.884 255.0
41.393 -10.584 0.875 255.0
41.395 -10.593 0.885 255.0
41.416 -10.586 0.866 255.0
41.4 -10.839 0.763 255.0
41.42 -10.578 0.837 255.0
41.421 -10.533 0.857 255.0
41.403 -10.556 0.879 255.0
41.416 -10.542 0.867 255.0
41.403 -10.876 0.792 255.0
41.401 -10.832 0.795 255.0
41.399 -10.862 0.817 255.0
41.415 -10.58 0.888 255.0
41.402 -10.762 0.77 255.0
41.416 -10.558 0.897 255.0
41.417 -10.534 0.892 255.0
41.408 -10.568 0.918 255.0
41.411 -10.567 0.912 255.0
41.414 -10.779 0.795 255.0
41.412 -10.779 0.807 255.0
41.409 -10.743 0.801 255.0
41.416 -10.732000000000003 0.799 255.0
41.399 -10.772 0.817 255.0
41.408 -10.848 0.859 255.0
41.398 -10.832 0.856 255.0
41.403 -10.861 0.884 255.0
41.411 -10.502 0.743 4.0
41.414 -10.501 0.776 255.0
41.407 -10.855 0.867 255.0
41.386 -10.843 0.873 255.0
41.404 -10.836 0.862 134.0
41.41 -10.452 0.765 255.0
41.391 -10.88 0.905 255.0
41.402 -10.844 0.917 255.0
41.397 -10.856 0.936 255.0
41.405 -10.81 0.87 255.0
41.408 -10.818 0.886 255.0
41.404 -10.789 0.875 255.0
41.411 -10.528 0.79 255.0
41.412 -10.521 0.815 255.0
41.42 -10.512 0.831 255.0
41.408 -10.505 0.821 255.0
41.421 -10.431 0.821 247.0
41.418 -10.494 0.818 255.0
41.412 -10.711 0.743 255.0
41.399 -10.488 0.863 255.0
41.399 -10.483 0.874 255.0
41.403 -10.505 0.88 255.0
41.418 -10.724 0.812 255.0
41.412 -10.498 0.868 255.0
41.41 -10.699 0.804 255.0
41.42200000000001 -10.682 0.803 255.0
41.403 -10.728 0.818 255.0
41.403 -10.683 0.818 255.0
41.423 -10.455 0.87 255.0
41.416 -10.514 0.898 255.0
41.418 -10.488 0.895 255.0
41.416 -10.471 0.9 255.0
41.421 -10.501 0.908 255.0
41.423 -10.441 0.899 255.0
41.406 -10.524 0.92 255.0
41.415 -10.447 0.928 255.0
41.412 -10.528 0.927 255.0
41.412 -10.439 0.935 255.0
41.408 -10.488 0.919 255.0
41.41 -10.505 0.93 255.0
41.413 -10.61 0.809 255.0
41.418 -10.589 0.81 255.0
41.421 -10.618 0.821 255.0
41.406 -10.594 0.82 255.0
41.427 -10.428 0.903 150.0
41.421 -10.674 0.864 255.0
41.414 -10.663 0.866 255.0
41.416 -10.671 0.881 255.0
41.414 -10.731 0.89 255.0
41.395 -10.689 0.892 255.0
41.399 -10.694 0.887 255.0
41.415 -10.688 0.891 255.0
41.403 -10.714 0.912 255.0
41.405 -10.731 0.928 255.0
41.409 -10.697 0.914 255.0
41.403 -10.699 0.931 255.0
41.411 -10.682 0.922 255.0
41.398 -10.875 0.943 255.0
41.394 -10.877 0.955 255.0
41.412 -10.876 0.955 198.0
41.402 -10.889 0.998 255.0
41.411 -10.905 0.988 255.0
41.412 -10.848 0.985 4.0
41.41 -10.84 0.984 255.0
41.398 -10.829 0.954 255.0
41.393 -10.794 0.947 255.0
41.402 -10.788 0.938 255.0
41.411 -10.797 0.986 255.0
41.397 -10.781 0.954 255.0
41.397 -10.733 0.953 255.0
41.401 -10.807 1.033 255.0
41.417 -10.814 1.012 32.0
41.407 -10.805 1.032 255.0
41.407 -10.768 1.009 255.0
41.418 -10.778 0.987 255.0
41.416 -10.753 0.989 255.0
41.413 -10.743 1.028 255.0
41.41900000000001 -10.601 0.895 255.0
41.403 -10.61 0.925 255.0
41.415 -10.614 0.92 255.0
41.418 -10.592 0.923 255.0
41.412 -10.844 1.044 255.0
41.418 -10.844 1.047 255.0
41.414 -10.863 1.082 255.0
41.421 -10.851 1.071 255.0
41.414 -10.858 1.11 255.0
41.41 -10.848 1.099 72.0
41.406 -10.873000000000003 1.133 255.0
41.41 -10.869 1.119 255.0
41.407 -10.739 1.039 255.0
41.416 -10.756 1.05 255.0
41.417 -10.752 1.052 255.0
41.415 -10.751 1.055 255.0
41.41900000000001 -10.771 1.112 255.0
41.41 -10.778 1.126 255.0
41.41 -10.755 1.08 255.0
41.413 -10.733 1.13 255.0
41.413 -10.68 0.949 255.0
41.408 -10.649 0.941 24.0
41.402 -10.646 0.943 255.0
41.407 -10.64 0.952 255.0
41.42200000000001 -10.709 0.992 255.0
41.414 -10.674 0.968 255.0
41.421 -10.61 0.939 255.0
41.418 -10.693 1.009 255.0
41.398 -10.594 0.941 255.0
41.407 -10.708 1.015 255.0
41.402 -10.59 0.951 255.0
41.429 -10.591000000000003 0.944 255.0
41.42 -10.622 0.997 255.0
41.41900000000001 -10.699 1.015 255.0
41.41 -10.453 0.797 255.0
41.407 -10.608 1.02 255.0
41.407 -10.461 0.821 255.0
41.42200000000001 -10.62 1.016 255.0
41.413 -10.476 0.818 255.0
41.41900000000001 -10.446 0.822 255.0
41.424 -10.457 0.836 255.0
41.407 -10.587 1.026 255.0
41.413 -10.715 1.097 255.0
41.41 -10.712 1.053 255.0
41.415 -10.683 1.114 255.0
41.42200000000001 -10.699 1.129 255.0
41.418 -10.686 1.134 255.0
41.42 -10.622 1.059 255.0
41.413 -10.583 1.039 255.0
41.421 -10.6 1.053 255.0
41.415 -10.606 1.068 255.0
41.423 -10.596 1.116 255.0
41.418 -10.407 0.84 1.0
41.423 -10.553 1.117 255.0
41.391 -10.924 0.955 255.0
41.394 -10.896 0.95 255.0
41.41 -10.927 0.979 255.0
41.412 -10.883 0.982 255.0
41.4 -10.832 1.003 255.0
41.412 -10.835 0.995 255.0
41.401 -10.871 1.027 255.0
41.404 -10.87 1.035 255.0
41.41 -10.872 1.029 255.0
41.414 -10.841000000000003 1.028 255.0
41.414 -10.851 1.158 255.0
41.403 -10.923 1.189 240.0
41.382 -10.877 1.218 255.0
41.42200000000001 -10.857000000000003 1.196 255.0
41.389 -10.847 1.218 255.0
41.401 -10.836 1.217 255.0
41.416 -10.854 1.233 255.0
41.41 -10.889 1.041 255.0
41.415 -10.892 1.043 255.0
41.405 -10.915 1.07 255.0
41.41 -10.913 1.064 255.0
41.4 -10.794 1.16 138.0
41.407 -10.922 1.109 255.0
41.416 -10.786 1.137 255.0
41.404 -10.905 1.091 255.0
41.411 -10.806 1.157 222.0
41.417 -10.902000000000003 1.11 255.0
41.429 -10.802 1.166 172.0
41.407 -10.915 1.115 255.0
41.409 -10.916 1.132 255.0
41.409 -10.829 1.058 255.0
41.41 -10.8 1.047 255.0
41.406 -10.826 1.07 255.0
41.404 -10.827 1.085 255.0
41.416 -10.802 1.076 255.0
41.395 -10.925 1.261 5.0
41.418 -10.81 1.236 255.0
41.396 -10.694 0.944 255.0
41.407 -10.688 0.953 255.0
41.415 -10.767 1.238 255.0
41.407 -10.83 1.135 255.0
41.429 -10.745 1.254 255.0
41.412 -10.823 1.123 255.0
41.41900000000001 -10.815 1.111 255.0
41.416 -10.809000000000003 1.119 255.0
41.412 -10.792 1.117 76.0
41.411 -10.559000000000003 0.944 255.0
41.404 -10.546 0.941 255.0
41.404 -10.543000000000003 0.951 255.0
41.41900000000001 -10.666 0.994 255.0
41.42800000000001 -10.537 0.942 255.0
41.408 -10.675 1.024 255.0
41.408 -10.648 1.02 255.0
41.416 -10.579 0.999 255.0
41.418 -10.544 0.997 255.0
41.421 -10.535 1.002 255.0
41.412 -10.546 1.017 255.0
41.42500000000001 -10.547 1.023 255.0
41.409 -10.673 1.046 255.0
41.415 -10.668000000000003 1.046 255.0
41.418 -10.635 1.104 255.0
41.411 -10.668000000000003 1.056 255.0
41.423 -10.64 1.115 255.0
41.409 -10.634 1.051 255.0
41.409 -10.678 1.073 255.0
41.409 -10.647 1.072 255.0
41.41900000000001 -10.655 1.063 255.0
41.421 -10.700000000000003 1.141 255.0
41.415 -10.718 1.17 255.0
41.416 -10.539 1.058 255.0
41.414 -10.579 1.062 255.0
41.411 -10.559000000000003 1.073 255.0
41.426 -10.558 1.071 255.0
41.414 -10.549 1.071 255.0
41.41900000000001 -10.533 1.062 255.0
41.41900000000001 -10.534 1.065 255.0
41.399 -10.688 1.205 255.0
41.399 -10.699 1.213 255.0
41.406 -10.693 1.215 255.0
41.412 -10.696 1.212 255.0
41.42500000000001 -10.592 1.138 255.0
41.429 -10.592 1.142 255.0
41.42200000000001 -10.57 1.146 255.0
41.416 -10.724 1.241 255.0
41.42500000000001 -10.721 1.241 255.0
41.431 -10.695 1.259 255.0
41.41900000000001 -10.705 1.273 255.0
41.412 -10.446 0.954 255.0
41.412 -10.476 0.981 255.0
41.424 -10.523 1.001 255.0
41.42500000000001 -10.491 1.004 255.0
41.407 -10.527000000000003 1.031 255.0
41.421 -10.532 1.029 255.0
41.413 -10.482000000000003 1.013 255.0
41.42500000000001 -10.477 1.03 255.0
41.411 -10.462 1.032 255.0
41.409 -10.53 1.043 255.0
41.42 -10.512 1.075 255.0
41.413 -10.463 1.038 255.0
41.41900000000001 -10.472 1.059 255.0
41.416 -10.49 1.068 255.0
41.427 -10.464 1.057 255.0
41.418 -10.472 1.065 255.0
41.42500000000001 -10.463 1.079 255.0
41.417 -10.445 1.071 255.0
41.409 -10.743 1.138 255.0
41.42200000000001 -10.748000000000003 1.149 255.0
41.42800000000001 -10.48 1.107 255.0
41.417 -10.773 1.185 255.0
41.42500000000001 -10.466000000000003 1.119 255.0
41.394 -10.83 1.198 255.0
41.416 -10.783 1.187 37.0
41.417 -10.805 1.201 255.0
41.434 -10.807 1.231 255.0
41.396 -10.799 1.217 255.0
41.4 -10.787 1.216 255.0
41.421 -10.43 1.112 6.0
41.395 -10.757 1.21 255.0
41.411 -10.752 1.206 255.0
41.409 -10.78 1.22 246.0
41.414 -10.765 1.232 255.0
41.396 -10.748000000000003 1.215 255.0
41.399 -10.739 1.215 255.0
41.429 -10.455 1.153 67.0
41.418 -10.657 1.142 255.0
41.416 -10.641 1.137 255.0
41.423 -10.636000000000003 1.14 255.0
41.426 -10.668000000000003 1.182 255.0
41.417 -10.637 1.218 255.0
41.417 -10.68 1.243 255.0
41.426 -10.636000000000003 1.246 6.0
41.429 -10.646 1.264 6.0
41.407 -10.496 0.951 255.0
41.411 -10.502 0.949 255.0
41.418 -10.509 1.118 255.0
41.426 -10.528 1.131 255.0
41.426 -10.415 1.084 3.0
41.426 -10.527000000000003 1.148 255.0
41.42800000000001 -10.501 1.149 153.0
