16.131 -26.097 0.251 39.0
16.149 -26.093 0.28 10.0
16.183 -26.138 0.327 48.0
16.314 -26.193 0.382 31.0
16.321 -26.213 0.436 11.0
16.166 -26.12 0.348 58.0
16.127 -26.102 0.343 21.0
16.137 -26.092000000000002 0.339 16.0
16.132 -26.096 0.362 26.0
16.141000000000002 -26.083 0.354 42.0
16.137 -26.092000000000002 0.379 28.0
16.208000000000002 -26.150000000000006 0.427 71.0
16.225 -26.153000000000002 0.415 41.0
16.222 -26.162 0.444 60.0
16.218 -26.164 0.448 88.0
16.186 -26.117 0.449 82.0
16.21 -26.137 0.445 80.0
16.19 -26.123 0.452 84.0
16.195 -26.128 0.487 66.0
16.199 -26.144 0.467 77.0
16.18 -26.129 0.501 46.0
16.198 -26.144 0.526 76.0
16.157 -26.102 0.494 45.0
16.163 -26.097 0.491 62.0
16.174 -26.113 0.529 81.0
16.199 -26.127 0.514 67.0
16.14 -26.081 0.524 61.0
16.145 -26.082 0.532 84.0
16.172 -26.097 0.517 77.0
16.229 -26.165 0.482 42.0
16.226 -26.157 0.511 60.0
16.172 -26.124 0.307 28.0
16.128 -26.091 0.297 37.0
16.137 -26.09 0.31 34.0
16.158 -26.107 0.33 82.0
16.154 -26.094 0.324 22.0
16.196 -26.134 0.388 52.0
16.154 -26.116 0.41 69.0
16.143 -26.09 0.399 8.0
16.127 -26.08 0.412 71.0
16.158 -26.082 0.393 77.0
16.17 -26.111 0.432 85.0
16.252 -26.173 0.376 37.0
16.146 -26.098 0.432 42.0
16.249 -26.182000000000006 0.533 56.0
16.173000000000002 -26.112 0.454 51.0
16.161 -26.108 0.453 91.0
16.173000000000002 -26.101 0.45 68.0
16.157 -26.087 0.456 82.0
16.119 -26.056 0.311 35.0
16.117 -26.042 0.335 79.0
16.044 -26.003 0.318 17.0
16.074 -26.015 0.358 71.0
16.105 -26.015 0.349 47.0
16.117 -26.033 0.398 81.0
16.1 -26.043 0.414 58.0
16.101 -26.046 0.424 40.0
16.076 -26.016 0.435 26.0
16.101 -26.028000000000002 0.44 88.0
16.112000000000002 -26.043 0.459 93.0
16.113 -26.031 0.458 85.0
16.062 -25.992 0.445 87.0
16.082 -26.013 0.462 82.0
16.052 -25.983 0.465 80.0
16.058 -25.98 0.467 63.0
16.082 -26.004 0.459 44.0
16.097 -26.01 0.463 69.0
16.089 -26.012 0.48 80.0
16.122 -26.057000000000006 0.497 45.0
16.107 -26.028000000000002 0.498 75.0
16.108 -26.041 0.527 48.0
16.072 -26.008 0.5 40.0
16.054000000000002 -25.994 0.512 54.0
16.061 -25.998 0.53 52.0
16.045 -25.964000000000006 0.505 70.0
16.141000000000002 -26.064 0.436 86.0
16.14 -26.059 0.494 64.0
16.131 -26.061 0.506 45.0
16.124 -26.05 0.534 79.0
16.088 -26.022000000000006 0.314 36.0
16.084 -26.012 0.338 78.0
16.097 -26.027 0.509 59.0
16.078 -25.995 0.502 92.0
16.088 -26.021 0.538 74.0
16.138 -26.073 0.303 52.0
16.129 -26.061 0.308 32.0
16.134 -26.075 0.332 70.0
16.126 -26.057000000000006 0.353 61.0
16.135 -26.076 0.456 92.0
16.127 -26.058 0.456 32.0
16.153 -26.069 0.453 81.0
16.133 -26.065 0.486 72.0
16.15 -26.066 0.473 58.0
16.159 -26.112 0.539 54.0
16.156 -26.1 0.557 54.0
16.172 -26.097 0.554 57.0
16.155 -26.114 0.581 23.0
16.135 -26.078 0.57 21.0
16.163 -26.095 0.584 63.0
16.202 -26.139 0.634 77.0
16.163 -26.12 0.604 65.0
16.14 -26.084 0.606 58.0
16.128 -26.082 0.633 12.0
16.18 -26.126 0.598 53.0
16.311 -26.198 0.715 255.0
16.18 -26.118000000000006 0.656 52.0
16.154 -26.101 0.65 29.0
16.179000000000002 -26.117 0.679 70.0
16.155 -26.1 0.66 1.0
16.17 -26.117 0.674 89.0
16.144000000000002 -26.085 0.677 58.0
16.21 -26.143 0.695 81.0
16.202 -26.14 0.717 97.0
16.223 -26.146 0.724 78.0
16.209 -26.151 0.725 56.0
16.21 -26.14 0.728 95.0
16.2 -26.13 0.735 81.0
16.193 -26.124 0.723 87.0
16.181 -26.121000000000006 0.728 62.0
16.195 -26.125 0.727 255.0
16.191 -26.116 0.728 89.0
16.175 -26.107 0.729 75.0
16.181 -26.107 0.731 97.0
16.18 -26.105 0.729 91.0
16.174 -26.099 0.72 93.0
16.236 -26.163 0.642 70.0
16.235 -26.167 0.673 58.0
16.201 -26.138 0.749 70.0
16.205000000000002 -26.137 0.755 87.0
16.198 -26.134 0.785 86.0
16.211000000000002 -26.141 0.781 94.0
16.171 -26.112 0.754 56.0
16.172 -26.089000000000006 0.759 79.0
16.166 -26.094 0.774 255.0
16.186 -26.107 0.748 255.0
16.175 -26.105 0.752 56.0
16.181 -26.11 0.784 97.0
16.202 -26.126 0.771 67.0
16.25 -26.163 0.744 65.0
16.179000000000002 -26.125 0.796 255.0
16.248 -26.173 0.75 19.0
16.174 -26.103 0.789 89.0
16.241 -26.172 0.777 49.0
16.183 -26.119 0.82 192.0
16.226 -26.164 0.782 49.0
16.243000000000002 -26.185000000000002 0.887 255.0
16.257 -26.181 0.849 255.0
16.263 -26.193 0.853 255.0
16.215 -26.163 0.551 52.0
16.185 -26.132 0.554 57.0
16.195 -26.133 0.551 48.0
16.219 -26.155 0.577 73.0
16.191 -26.125 0.58 65.0
16.212 -26.134 0.909 255.0
16.161 -26.089000000000006 0.853 255.0
16.167 -26.089000000000006 0.897 255.0
16.233 -26.153000000000002 0.861 255.0
16.166 -26.097 0.906 15.0
16.244 -26.171 0.882 255.0
16.234 -26.163 0.884 255.0
16.225 -26.164 0.548 61.0
16.204 -26.145 0.67 89.0
16.229 -26.165 0.558 44.0
16.213 -26.132 0.954 255.0
16.223 -26.144 0.983 255.0
16.194 -26.111 0.947 255.0
16.203 -26.108 0.94 255.0
16.196 -26.103 0.986 255.0
16.204 -26.109 0.972 255.0
16.22 -26.141 0.989 255.0
16.202 -26.129 0.988 255.0
16.219 -26.129 1.016 255.0
16.167 -26.093 0.992 255.0
16.162 -26.107 0.693 56.0
16.165 -26.08 0.996 255.0
16.17 -26.082 1.018 255.0
16.249 -26.174 0.94 255.0
16.227 -26.141 0.943 255.0
16.161 -26.1 0.697 69.0
16.23 -26.139 0.937 255.0
16.164 -26.084 0.7 60.0
16.233 -26.159 0.963 255.0
16.145 -26.086000000000006 0.72 40.0
16.147000000000002 -26.083 0.72 58.0
16.255 -26.168 0.984 255.0
16.262 -26.174 0.978 255.0
16.16 -26.088 0.731 57.0
16.268 -26.177 0.978 255.0
16.158 -26.083 0.727 67.0
16.234 -26.149 0.964 255.0
16.231 -26.145 0.969 255.0
16.226 -26.135 0.983 255.0
16.227 -26.166 0.719 65.0
16.241 -26.17 0.713 62.0
16.271 -26.169 0.997 255.0
16.259 -26.175 1.008 255.0
16.254 -26.153000000000002 1.002 255.0
16.232 -26.145 1.002 255.0
16.235 -26.138 1.002 255.0
16.239 -26.138 1.01 255.0
16.251 -26.173 1.012 255.0
16.322 -26.192 1.129 3.0
16.221 -26.137 1.048 255.0
16.22 -26.144 1.079 255.0
16.219 -26.146 1.084 255.0
16.148 -26.088 0.8 255.0
16.172 -26.122 0.819 67.0
16.22 -26.139 1.104 255.0
16.205000000000002 -26.128 1.115 255.0
16.199 -26.121000000000006 1.087 255.0
16.18 -26.098 1.109 255.0
16.175 -26.098 1.118 255.0
16.235 -26.157 1.111 255.0
16.305 -26.201 0.892 13.0
16.36 -26.211000000000006 0.987 10.0
16.183 -26.135 0.839 81.0
16.214 -26.137 0.886 255.0
16.39 -26.21 0.998 9.0
16.204 -26.12 1.142 255.0
16.211000000000002 -26.117 1.153 255.0
16.204 -26.124 1.171 255.0
16.206 -26.118000000000006 1.198 255.0
16.181 -26.125 0.84 255.0
16.175 -26.089000000000006 1.202 255.0
16.178 -26.104 0.857 255.0
16.191 -26.116 0.889 255.0
16.2 -26.109 0.847 255.0
16.182 -26.102 0.86 255.0
16.194 -26.12 0.893 255.0
16.187 -26.116 0.868 255.0
16.188 -26.103 0.889 255.0
16.239 -26.173 0.906 255.0
16.181 -26.091 0.896 255.0
16.227 -26.148 0.89 255.0
16.182 -26.095 0.906 255.0
16.242 -26.152 0.899 255.0
16.193 -26.095 0.91 255.0
16.235 -26.156 0.922 255.0
16.234 -26.148 1.194 255.0
16.207 -26.126 0.926 255.0
16.258 -26.169 0.934 255.0
16.224 -26.135 0.913 255.0
16.177 -26.094 0.913 255.0
16.174 -26.097 0.93 255.0
16.116 -26.033 0.56 88.0
16.269000000000002 -26.169 1.143 255.0
16.109 -26.035 0.563 68.0
16.238 -26.150000000000006 1.137 255.0
16.235 -26.149 1.15 255.0
16.173000000000002 -26.079 0.944 255.0
16.164 -26.079 0.951 255.0
16.287 -26.196 0.937 255.0
16.115000000000002 -26.031 0.59 69.0
16.306 -26.196 0.973 255.0
16.166 -26.095 0.97 255.0
16.105 -26.047 0.609 45.0
16.168 -26.081 0.977 255.0
16.112000000000002 -26.054000000000006 0.635 29.0
16.196 -26.109 0.992 255.0
16.217 -26.118000000000006 1.006 255.0
16.073 -26.017 0.594 20.0
16.189 -26.087 0.987 255.0
16.103 -26.017 0.546 68.0
16.181 -26.082 1.01 255.0
16.061 -25.997 0.612 67.0
16.075 -26.003 0.566 43.0
16.199 -26.113 1.014 255.0
16.087 -26.001 0.563 82.0
16.047 -25.994 0.627 17.0
16.179000000000002 -26.093 1.02 255.0
16.034 -25.971 0.552 15.0
16.046 -25.971 0.569 53.0
16.11 -26.061 0.645 25.0
16.107 -26.061 0.654 23.0
16.072 -26.014 0.655 20.0
16.285 -26.194 1.041 22.0
16.273 -26.18 1.058 255.0
16.282 -26.179000000000006 1.058 255.0
16.283 -26.182000000000006 1.077 255.0
16.1 -26.013 0.641 18.0
16.084 -26.009 0.664 35.0
16.094 -26.02 0.683 61.0
16.104 -26.032 0.703 50.0
16.114 -26.031 0.705 82.0
16.117 -26.046 0.723 29.0
16.121 -26.044 0.732 89.0
16.108 -26.028000000000002 0.728 94.0
16.194 -26.117 1.086 255.0
16.202 -26.113 1.066 255.0
16.216 -26.12 1.079 255.0
16.213 -26.118000000000006 1.077 255.0
16.189 -26.099 1.085 255.0
16.073 -26.011 0.701 39.0
16.062 -25.999 0.707 62.0
16.058 -25.988 0.711 69.0
16.173000000000002 -26.094 1.088 255.0
16.062 -26.002 0.728 49.0
16.07 -25.997 0.732 96.0
16.152 -26.078 1.088 255.0
16.23 -26.138 1.06 255.0
16.248 -26.155 1.062 255.0
16.235 -26.138 1.062 255.0
16.242 -26.149 1.079 255.0
15.966000000000003 -25.942 0.64 1.0
15.922 -25.911 0.934 4.0
16.095 -26.029 0.738 29.0
16.12 -26.041 0.759 42.0
16.121 -26.044 0.76 55.0
16.327 -26.193 1.105 255.0
16.171 -26.089000000000006 1.147 255.0
16.109 -26.051 0.804 255.0
16.091 -26.013 0.739 71.0
16.093 -26.007 0.742 90.0
16.064 -25.984 0.797 68.0
16.076 -26.008 0.757 20.0
16.027 -26.002 0.836 11.0
16.045 -25.969 0.741 53.0
16.09 -26.001 0.74 87.0
16.083000000000002 -26.011 0.763 55.0
16.091 -26.012 0.769 85.0
16.05 -25.973 0.774 62.0
16.087 -25.998 0.764 98.0
16.06 -25.99 0.852 255.0
16.056 -25.991 0.541 77.0
16.102 -26.02 0.865 255.0
16.109 -26.023 0.899 255.0
16.078 -25.999 0.907 255.0
16.089 -26.002 0.901 255.0
16.088 -26.001 0.593 85.0
16.087 -26.017 0.921 255.0
16.105 -26.024 0.626 21.0
16.079 -26.006 0.928 255.0
16.138 -26.066 0.56 74.0
16.099 -26.011 0.922 255.0
16.146 -26.064 0.557 63.0
16.119 -26.013 0.925 14.0
16.143 -26.062 0.587 62.0
16.145 -26.068 0.659 53.0
16.124 -26.034 0.67 55.0
16.124 -26.05 0.68 59.0
16.133 -26.05 0.685 60.0
16.15 -26.073 0.755 41.0
16.124 -26.034 0.743 90.0
16.158 -26.074 0.787 86.0
16.164 -26.067 0.776 59.0
16.134 -26.047 0.764 80.0
16.156 -26.073 0.863 20.0
16.163 -26.062 0.882 255.0
16.077 -26.001 0.691 82.0
16.082 -26.008 0.737 91.0
16.103 -26.027 0.724 82.0
16.128 -26.027 0.912 255.0
16.072 -25.984 0.962 255.0
15.964 -25.992 0.798 167.0
16.121 -26.04 0.994 255.0
16.028 -25.963 0.69 53.0
16.031 -25.964000000000006 0.705 15.0
16.06 -25.978 1.015 255.0
16.066 -25.98 1.034 255.0
16.057 -25.978 0.746 89.0
16.069 -25.983 0.742 90.0
16.058 -26.001 0.767 75.0
16.058 -25.978 0.766 70.0
16.102 -26.019 1.001 255.0
16.11 -26.02 1.004 255.0
15.94 -25.954 0.994 26.0
16.097 -25.996000000000006 0.997 255.0
16.081 -25.981 0.988 255.0
16.082 -25.989 1.008 255.0
16.042 -25.954 0.992 255.0
16.053 -25.971 1.002 255.0
16.06 -25.967000000000002 1.001 255.0
16.111 -26.008 1.019 255.0
16.047 -25.961000000000006 1.012 255.0
16.108 -26.022000000000006 1.025 255.0
16.049 -25.958 1.032 255.0
16.108 -26.013 1.029 255.0
16.118000000000002 -26.015 1.029 255.0
16.085 -25.986 1.028 255.0
16.087 -26.013 0.799 77.0
16.096 -26.013 0.794 90.0
16.078 -26.014 0.807 255.0
16.091 -26.023 0.829 223.0
16.048000000000002 -25.977 0.81 255.0
16.096 -26.025000000000006 0.833 22.0
16.102 -26.019 0.824 117.0
16.121 -26.024 0.834 20.0
16.012 -25.995 0.931 10.0
16.09 -25.994 0.825 22.0
16.119 -26.057000000000006 0.846 255.0
16.102 -26.008 1.061 255.0
16.109 -26.03 0.875 255.0
16.105 -26.013 1.066 255.0
16.114 -26.025000000000006 1.076 255.0
16.085 -26.001 1.062 255.0
16.078 -26.034 0.893 25.0
16.123 -26.036 0.897 255.0
16.107 -26.029 0.904 255.0
16.071 -25.979 1.105 20.0
16.107 -26.017 1.091 255.0
16.106 -26.025000000000006 1.1 255.0
16.092 -25.99 1.094 255.0
16.086000000000002 -26.008 1.13 255.0
16.11 -26.016 1.118 255.0
16.048000000000002 -25.969 0.911 255.0
16.074 -25.976 1.08 255.0
16.059 -25.968 0.904 255.0
16.067 -25.975 0.904 255.0
16.06 -25.969 0.926 255.0
16.129 -26.044 0.604 69.0
16.116 -26.024 1.155 255.0
16.083000000000002 -25.993000000000006 1.159 255.0
16.095 -26.006 1.183 255.0
16.138 -26.066 0.699 52.0
16.131 -26.062 0.696 41.0
16.144000000000002 -26.061 0.724 83.0
16.131 -26.058 0.734 42.0
16.151 -26.073 0.735 87.0
16.16 -26.071 0.732 96.0
16.162 -26.072 0.731 76.0
16.136 -26.066 0.799 255.0
16.139 -26.052 0.734 70.0
16.154 -26.07 0.792 61.0
16.129 -26.038 0.728 16.0
16.13 -26.038 0.795 84.0
16.136 -26.038 0.789 84.0
16.139 -26.072 0.826 15.0
16.129 -26.061 0.831 20.0
16.134 -26.061 0.9 255.0
16.142 -26.05 0.948 255.0
16.153 -26.07 0.893 255.0
16.131 -26.048 0.955 255.0
16.156 -26.071 0.894 255.0
16.126 -26.044 0.962 255.0
16.136 -26.05 0.981 255.0
16.142 -26.053 0.918 255.0
16.15 -26.065 0.933 255.0
16.108 -26.032 0.937 23.0
16.114 -26.036 0.938 255.0
16.087 -26.012 0.94 255.0
16.093 -26.003 0.941 255.0
16.102 -26.016 0.959 255.0
16.119 -26.018 0.951 255.0
16.085 -25.99 0.955 255.0
16.099 -26.027 0.974 20.0
16.101 -26.022000000000006 0.977 255.0
16.107 -26.017 0.984 255.0
16.152 -26.073 1.093 255.0
16.145 -26.056 1.15 255.0
16.15 -26.063 1.177 255.0
16.126 -26.044 1.091 255.0
16.126 -26.041 1.093 255.0
16.124 -26.036 1.094 237.0
16.146 -26.068 1.122 255.0
16.145 -26.057000000000006 1.113 255.0
16.057 -25.974 0.945 255.0
16.059 -25.959 0.958 255.0
16.043 -25.952 0.966 255.0
15.934000000000003 -25.945 0.937 4.0
16.112000000000002 -26.04 1.126 255.0
16.072 -25.975 1.123 255.0
16.133 -26.056 0.997 255.0
16.157 -26.073 0.99 255.0
16.17 -26.073 1.01 255.0
16.145 -26.048 0.991 255.0
16.133 -26.052 1.001 255.0
16.142 -26.054000000000006 1.025 255.0
16.134 -26.042 1.014 255.0
16.145 -26.046 1.015 255.0
16.14 -26.051 1.021 255.0
16.14 -26.067 1.056 255.0
16.161 -26.073 1.054 255.0
16.159 -26.068 1.071 255.0
16.167 -26.075 1.064 255.0
16.16 -26.07 1.085 255.0
16.143 -26.060000000000002 1.207 255.0
16.131 -26.028000000000002 1.072 255.0
36.441 -32.858000000000004 0.031 44.0
36.447 -32.877 0.084 27.0
36.227 -32.660000000000004 -0.186 255.0
36.232 -32.667 -0.167 255.0
36.224 -32.656 -0.137 255.0
36.241 -32.677 -0.137 255.0
36.247 -32.68 -0.114 255.0
36.222 -32.659 -0.112 255.0
36.241 -32.665 -0.128 255.0
36.23600000000001 -32.673 -0.121 255.0
36.418 -32.807 -0.166 19.0
36.356 -32.774 -0.198 255.0
36.368 -32.755 -0.196 17.0
36.338 -32.733000000000004 -0.239 21.0
36.275 -32.706 -0.191 255.0
36.301 -32.728 -0.193 255.0
36.295 -32.728 -0.173 10.0
36.339 -32.733000000000004 -0.201 16.0
36.33 -32.75 -0.195 255.0
36.329 -32.747 -0.195 255.0
36.339 -32.737 -0.192 255.0
36.313 -32.724000000000004 -0.206 255.0
36.326 -32.724000000000004 -0.208 24.0
36.34 -32.724000000000004 -0.185 255.0
36.348 -32.722 -0.187 20.0
36.306 -32.734 -0.171 255.0
36.338 -32.746 -0.174 17.0
36.342 -32.748 -0.171 17.0
36.323 -32.722 -0.184 255.0
36.308 -32.716 -0.162 255.0
36.388 -32.753 -0.189 20.0
36.353 -32.728 -0.186 255.0
36.394 -32.71 -0.174 7.0
36.338 -32.766 -0.109 255.0
36.341 -32.767 -0.095 255.0
36.34 -32.763 -0.09 255.0
36.349 -32.764 -0.088 255.0
36.347 -32.76 -0.066 255.0
36.4 -32.811 -0.128 255.0
36.399 -32.816 -0.113 255.0
36.445 -32.86 -0.106 32.0
36.428 -32.851 -0.149 255.0
36.41900000000001 -32.828 -0.156 255.0
36.407 -32.828 -0.139 255.0
36.418 -32.82 -0.147 255.0
36.42500000000001 -32.833 -0.13 255.0
36.426 -32.842 -0.115 255.0
36.398 -32.81 -0.101 255.0
36.42500000000001 -32.832 -0.104 255.0
36.406 -32.827 -0.09 255.0
36.411 -32.822 -0.089 255.0
36.405 -32.815 -0.097 255.0
36.423 -32.84 -0.077 255.0
36.406 -32.815 -0.075 255.0
36.29700000000001 -32.733000000000004 -0.149 255.0
36.265 -32.705 -0.147 255.0
36.293 -32.725 -0.145 27.0
36.30000000000001 -32.728 -0.143 255.0
36.30000000000001 -32.722 -0.145 255.0
36.272 -32.701 -0.14 255.0
36.276 -32.717 -0.125 255.0
36.262 -32.689 -0.141 255.0
36.292 -32.708 -0.133 255.0
36.29700000000001 -32.724000000000004 -0.119 255.0
36.298 -32.730000000000004 -0.103 41.0
36.259 -32.703 -0.114 55.0
36.272 -32.702 -0.116 255.0
36.27 -32.71 -0.085 255.0
36.285 -32.716 -0.105 255.0
36.285 -32.727000000000004 -0.09 22.0
36.293 -32.717 -0.089 255.0
36.289 -32.708 -0.086 255.0
36.312 -32.741 -0.107 255.0
36.302 -32.730000000000004 -0.066 255.0
36.314 -32.744 -0.092 255.0
36.274 -32.712 -0.083 255.0
36.305 -32.736000000000004 -0.089 148.0
36.274 -32.709 -0.064 255.0
36.308 -32.736000000000004 -0.087 255.0
36.322 -32.753 -0.068 255.0
36.316 -32.749 -0.06 57.0
36.315 -32.717 -0.082 255.0
36.309 -32.72 -0.062 255.0
36.22 -32.64 -0.188 255.0
36.345 -32.769 -0.173 255.0
36.344 -32.76 -0.168 255.0
36.228 -32.667 -0.102 255.0
36.249 -32.671 -0.088 50.0
36.151 -32.602000000000004 -0.145 255.0
36.25 -32.688 -0.061 255.0
36.449 -32.8 -0.203 245.0
36.217 -32.643 -0.157 255.0
36.223 -32.649 -0.144 255.0
36.216 -32.647 -0.134 255.0
36.217 -32.642 -0.125 255.0
36.215 -32.631 -0.11 255.0
36.195 -32.622 -0.107 255.0
36.2 -32.617 -0.078 14.0
36.253 -32.682 -0.189 255.0
36.267 -32.7 -0.169 255.0
36.281 -32.7 -0.163 255.0
36.23600000000001 -32.682 0.004 255.0
36.237 -32.684 0.007 255.0
36.251 -32.68 0.007 255.0
36.214 -32.656 0.011 255.0
36.217 -32.656 0.009 255.0
36.221 -32.655 0.035 255.0
36.332 -32.762 -0.151 255.0
36.336 -32.759 -0.15 255.0
36.334 -32.761 -0.141 36.0
36.318 -32.757 -0.13 255.0
36.347 -32.768 -0.123 255.0
36.231 -32.676 0.052 255.0
36.232 -32.667 0.05 255.0
36.244 -32.678 0.051 255.0
36.252 -32.692 0.078 255.0
36.232 -32.657000000000004 0.081 255.0
36.244 -32.688 0.106 255.0
36.208 -32.655 0.112 255.0
36.22 -32.663000000000004 0.108 255.0
36.228 -32.658 0.1 255.0
36.23600000000001 -32.675 0.11 255.0
36.239 -32.685 0.132 255.0
36.227 -32.656 0.121 255.0
36.215 -32.655 0.128 255.0
36.338 -32.769 -0.055 255.0
36.352 -32.766 -0.004 255.0
36.241 -32.677 0.126 255.0
36.335 -32.775 -0.045 28.0
36.33 -32.768 0.004 255.0
36.341 -32.758 -0.038 255.0
36.327 -32.757 -0.011 48.0
36.339 -32.774 -0.016 255.0
36.418 -32.833 -0.056 4.0
36.414 -32.82 -0.042 255.0
36.42200000000001 -32.827 -0.044 255.0
36.366 -32.792 -0.053 255.0
36.407 -32.808 -0.046 255.0
36.366 -32.781 -0.04 255.0
36.436 -32.845 -0.017 255.0
36.364 -32.775 -0.042 10.0
36.409 -32.821 -0.014 255.0
36.41900000000001 -32.824 -0.011 255.0
36.359 -32.79 -0.153 255.0
36.367 -32.784 -0.135 255.0
36.392 -32.8 -0.153 255.0
36.364 -32.775 -0.041 255.0
36.391 -32.798 -0.144 255.0
36.36100000000001 -32.767 -0.041 255.0
36.36100000000001 -32.776 -0.15 255.0
36.382 -32.796 -0.011 255.0
36.396 -32.815 0.016 255.0
36.367 -32.775 -0.141 255.0
36.401 -32.807 0.035 255.0
36.365 -32.768 -0.023 255.0
36.368 -32.791000000000004 -0.125 255.0
36.369 -32.791000000000004 -0.111 255.0
36.398 -32.798 -0.124 255.0
36.374 -32.785000000000004 -0.098 255.0
36.368 -32.793 -0.093 255.0
36.367 -32.779 -0.095 31.0
36.33 -32.752 -0.146 255.0
36.367 -32.772 -0.093 255.0
36.34 -32.754 -0.138 255.0
36.378 -32.794000000000004 -0.073 255.0
36.319 -32.729 -0.136 255.0
36.387 -32.797000000000004 -0.071 255.0
36.354 -32.772 -0.071 255.0
36.318 -32.747 -0.121 255.0
36.342 -32.747 -0.131 38.0
36.42500000000001 -32.831 0.033 255.0
36.331 -32.738 -0.119 255.0
36.428 -32.844 0.034 255.0
36.407 -32.82 0.036 255.0
36.382 -32.8 -0.007 255.0
36.357 -32.769 -0.008 255.0
36.379 -32.8 0.038 255.0
36.381 -32.784 0.033 255.0
36.377 -32.784 0.038 255.0
36.364 -32.778 0.02 255.0
36.367 -32.777 0.019 255.0
36.258 -32.692 -0.104 255.0
36.26 -32.7 -0.086 255.0
36.275 -32.701 -0.086 241.0
36.292 -32.727000000000004 -0.046 255.0
36.265 -32.706 -0.013 255.0
36.285 -32.714 -0.034 255.0
36.263 -32.693 -0.057 255.0
36.259 -32.693 -0.048 255.0
36.327 -32.747 -0.005 255.0
36.261 -32.687 -0.038 255.0
36.317 -32.739 0.0 255.0
36.267 -32.696 -0.026 255.0
36.326 -32.751 0.024 255.0
36.259 -32.691 -0.032 255.0
36.319 -32.741 0.015 255.0
36.267 -32.689 -0.031 255.0
36.349 -32.779 0.095 255.0
36.334 -32.758 0.093 255.0
36.337 -32.76 0.102 255.0
36.349 -32.765 0.109 255.0
36.319 -32.759 0.13 49.0
36.344 -32.768 0.12 255.0
36.42500000000001 -32.851 0.042 255.0
36.368 -32.8 0.044 255.0
36.433 -32.84 0.06 255.0
36.35800000000001 -32.776 0.04 255.0
36.406 -32.824 0.043 255.0
36.375 -32.789 0.066 255.0
36.405 -32.813 0.063 255.0
36.426 -32.849000000000004 0.087 255.0
36.403 -32.823 0.081 255.0
36.399 -32.822 0.094 19.0
36.406 -32.822 0.089 255.0
36.209 -32.642 -0.1 255.0
36.392 -32.815 0.117 255.0
36.234 -32.653 -0.085 67.0
36.394 -32.812 0.123 255.0
36.212 -32.651 -0.081 255.0
36.382 -32.81 0.136 255.0
36.212 -32.64 -0.079 255.0
36.434 -32.849000000000004 0.093 255.0
36.413 -32.825 0.095 255.0
36.417 -32.838 0.115 255.0
36.23300000000001 -32.668 -0.03 255.0
36.288 -32.725 0.049 255.0
36.238 -32.674 -0.012 255.0
36.418 -32.831 0.133 255.0
36.295 -32.721000000000004 0.046 255.0
36.409 -32.824 0.121 255.0
36.283 -32.71 0.046 255.0
36.298 -32.708 0.041 255.0
36.272 -32.712 0.084 50.0
36.283 -32.716 0.075 255.0
36.315 -32.75 0.047 255.0
36.304 -32.733000000000004 0.044 255.0
36.326 -32.74 0.043 255.0
36.332 -32.736000000000004 0.051 51.0
36.316 -32.738 0.072 255.0
36.396 -32.804 -0.042 255.0
36.382 -32.809 -0.017 255.0
36.295 -32.734 0.1 255.0
36.274 -32.707 0.103 255.0
36.292 -32.715 0.106 255.0
36.273 -32.717 0.127 36.0
36.322 -32.754 0.094 64.0
36.289 -32.723 0.123 255.0
36.326 -32.752 0.1 23.0
36.288 -32.709 0.115 255.0
36.313 -32.738 0.104 255.0
36.299 -32.729 0.127 255.0
36.329 -32.752 0.097 255.0
36.278 -32.715 0.136 255.0
36.303 -32.714 0.114 255.0
36.322 -32.744 0.121 255.0
36.314 -32.736000000000004 0.122 255.0
36.254 -32.699 0.101 161.0
36.322 -32.733000000000004 0.118 255.0
36.264 -32.695 0.108 255.0
36.317 -32.75 0.129 50.0
36.264 -32.693 0.122 255.0
36.318 -32.745 0.132 255.0
36.267 -32.699 0.124 255.0
36.333 -32.753 0.122 48.0
36.225 -32.653 -0.053 255.0
36.215 -32.637 -0.057 255.0
36.226 -32.647 -0.037 212.0
36.211 -32.645 -0.029 255.0
36.223 -32.644 -0.026 255.0
36.183 -32.612 -0.008 255.0
36.121 -32.59 0.13 2.0
36.318 -32.732 -0.039 255.0
36.315 -32.735 -0.036 255.0
36.345 -32.752 -0.037 43.0
36.313 -32.729 -0.036 255.0
36.225 -32.653 0.123 166.0
36.312 -32.741 -0.014 255.0
36.216 -32.638 0.122 255.0
36.204 -32.629 0.127 255.0
36.348 -32.745 -0.028 255.0
36.267 -32.703 0.001 255.0
36.253 -32.691 0.031 255.0
36.295 -32.74 0.005 255.0
36.268 -32.712 0.006 255.0
36.30000000000001 -32.722 -0.002 255.0
36.284 -32.709 0.004 255.0
36.291 -32.718 0.027 255.0
36.427 -32.862 0.157 255.0
36.441 -32.861000000000004 0.185 70.0
36.429 -32.859 0.198 255.0
36.436 -32.854 0.198 255.0
36.45 -32.87 0.21 38.0
36.325 -32.757 0.042 255.0
36.342 -32.775 0.046 255.0
36.35 -32.763 0.041 255.0
36.347 -32.762 0.069 255.0
36.344 -32.766 0.081 255.0
36.299 -32.709 0.025 255.0
36.443 -32.865 0.356 9.0
36.441 -32.864 0.362 3.0
36.442 -32.854 0.393 19.0
36.45 -32.873 0.514 49.0
36.446 -32.854 0.516 35.0
36.35800000000001 -32.784 0.1 255.0
36.237 -32.68 0.143 255.0
36.379 -32.799 0.092 255.0
36.389 -32.803 0.097 255.0
36.217 -32.663000000000004 0.162 255.0
36.235 -32.684 0.206 255.0
36.242 -32.679 0.141 255.0
36.364 -32.776 0.1 25.0
36.251 -32.689 0.206 255.0
36.234 -32.665 0.171 255.0
36.357 -32.782000000000004 0.121 255.0
36.215 -32.657000000000004 0.195 255.0
36.37 -32.791000000000004 0.118 255.0
36.209 -32.659 0.207 255.0
36.354 -32.782000000000004 0.128 255.0
36.212 -32.657000000000004 0.213 255.0
36.356 -32.778 0.122 255.0
36.224 -32.665 0.208 255.0
36.252 -32.679 0.19 255.0
36.237 -32.678 0.211 255.0
36.237 -32.662 0.212 255.0
36.224 -32.759 0.282 14.0
36.262 -32.7 0.05 255.0
36.272 -32.698 0.048 255.0
36.254 -32.69 0.048 255.0
36.271 -32.704 0.081 255.0
36.123 -32.716 0.299 36.0
36.141 -32.742 0.337 16.0
36.173 -32.721000000000004 0.278 6.0
36.194 -32.727000000000004 0.28 6.0
36.207 -32.687 0.246 81.0
36.231 -32.671 0.256 255.0
36.176 -32.718 0.297 46.0
36.157 -32.706 0.3 47.0
36.192 -32.723 0.296 61.0
36.163 -32.754 0.326 29.0
36.153 -32.744 0.333 12.0
36.198 -32.745 0.338 6.0
36.218 -32.65 0.007 255.0
36.226 -32.654 0.023 255.0
36.227 -32.649 0.032 255.0
36.204 -32.647 0.052 255.0
36.212 -32.64 0.049 255.0
36.224 -32.653 0.053 255.0
36.178 -32.61 0.114 2.0
36.238 -32.747 0.313 18.0
36.225 -32.723 0.295 42.0
36.228 -32.685 0.289 98.0
36.21 -32.713 0.296 41.0
36.239 -32.729 0.293 59.0
36.216 -32.754 0.333 6.0
36.386 -32.812 0.176 255.0
36.416 -32.849000000000004 0.141 255.0
36.42 -32.831 0.188 255.0
36.39 -32.787 0.147 255.0
36.39 -32.803 0.155 255.0
36.446 -32.856 0.277 49.0
36.363 -32.764 0.151 255.0
36.366 -32.781 0.194 255.0
36.35800000000001 -32.788000000000004 0.203 255.0
36.373 -32.808 0.2 255.0
36.366 -32.785000000000004 0.228 255.0
36.387 -32.809 0.201 255.0
36.268 -32.713 0.143 255.0
36.39 -32.809 0.191 255.0
36.389 -32.794000000000004 0.217 255.0
36.272 -32.719 0.16 255.0
36.399 -32.815 0.238 255.0
36.29 -32.726 0.147 255.0
36.365 -32.771 0.22 255.0
36.291 -32.707 0.155 255.0
36.37 -32.758 0.225 38.0
36.287 -32.71 0.166 255.0
36.256 -32.702 0.15 255.0
36.293 -32.733000000000004 0.204 255.0
36.258 -32.709 0.204 255.0
36.287 -32.721000000000004 0.208 255.0
36.282 -32.711 0.203 255.0
36.29400000000001 -32.707 0.206 255.0
36.449 -32.855000000000004 0.478 88.0
36.309 -32.735 0.2 255.0
36.242 -32.717 0.226 6.0
36.287 -32.706 0.227 255.0
36.308 -32.744 0.206 255.0
36.285 -32.714 0.237 255.0
36.324 -32.751 0.232 255.0
36.341 -32.748 0.222 255.0
36.311 -32.729 0.225 255.0
36.281 -32.759 0.283 16.0
36.332 -32.757 0.245 255.0
36.345 -32.761 0.288 43.0
36.152 -32.746 0.281 16.0
36.267 -32.761 0.319 28.0
36.265 -32.755 0.338 15.0
36.278 -32.76 0.333 18.0
36.331 -32.783 0.299 23.0
36.343 -32.781 0.314 46.0
36.331 -32.756 0.333 33.0
36.226 -32.728 0.277 6.0
36.364 -32.787 0.241 255.0
36.396 -32.808 0.282 42.0
36.372 -32.783 0.285 42.0
36.381 -32.787 0.27 3.0
36.394 -32.796 0.277 17.0
36.39 -32.797000000000004 0.281 57.0
36.402 -32.802 0.282 18.0
36.391 -32.787 0.287 18.0
36.36 -32.764 0.272 5.0
36.366 -32.766 0.276 39.0
36.362 -32.77 0.284 62.0
36.431 -32.821 0.307 13.0
36.365 -32.774 0.278 19.0
36.441 -32.85 0.329 15.0
36.379 -32.777 0.278 69.0
36.29700000000001 -32.731 0.249 255.0
36.29 -32.714 0.248 79.0
36.306 -32.74 0.264 37.0
36.31 -32.733000000000004 0.288 44.0
36.333 -32.743 0.274 25.0
36.332 -32.731 0.276 23.0
36.335 -32.751 0.28 23.0
36.331 -32.754 0.283 44.0
36.276 -32.752 0.313 31.0
36.33 -32.745 0.284 16.0
36.292 -32.730000000000004 0.29 57.0
36.329 -32.747 0.288 26.0
36.265 -32.716 0.292 39.0
36.331 -32.746 0.287 59.0
36.278 -32.726 0.293 39.0
36.311 -32.727000000000004 0.265 255.0
36.315 -32.718 0.276 11.0
36.312 -32.729 0.278 255.0
36.317 -32.727000000000004 0.281 24.0
36.338 -32.78 0.142 255.0
36.35 -32.783 0.14 255.0
36.319 -32.756 0.143 255.0
36.343 -32.775 0.181 255.0
36.35 -32.783 0.201 255.0
36.32 -32.758 0.202 255.0
36.333 -32.762 0.197 255.0
36.345 -32.762 0.194 52.0
36.192 -32.627 0.163 255.0
36.349 -32.755 0.201 255.0
36.337 -32.765 0.204 255.0
36.338 -32.758 0.217 48.0
36.328 -32.757 0.225 54.0
36.351 -32.755 0.235 65.0
36.203 -32.646 0.145 255.0
36.407 -32.833 0.199 255.0
36.415 -32.83 0.199 255.0
36.44 -32.839 0.213 255.0
36.403 -32.804 0.195 255.0
36.436 -32.839 0.234 255.0
36.408 -32.818 0.223 255.0
36.303 -32.746 0.142 255.0
36.321 -32.752 0.151 61.0
36.341 -32.751 0.16 255.0
36.313 -32.754 0.18 54.0
36.303 -32.730000000000004 0.186 255.0
36.098 -32.632 0.29 76.0
36.206 -32.637 0.246 255.0
36.257 -32.697 0.19 255.0
36.258 -32.701 0.21 255.0
36.259 -32.686 0.229 255.0
36.145 -32.728 0.355 14.0
36.184 -32.76 0.436 26.0
36.137 -32.727000000000004 0.371 30.0
36.092 -32.674 0.373 63.0
36.152 -32.742 0.406 20.0
36.126 -32.712 0.41 28.0
36.142 -32.714 0.412 52.0
36.132 -32.735 0.432 22.0
36.131 -32.722 0.436 16.0
36.133 -32.714 0.426 60.0
36.16 -32.716 0.386 68.0
36.203 -32.733000000000004 0.37 35.0
36.212 -32.718 0.383 68.0
36.42200000000001 -32.835 0.266 1.0
36.41900000000001 -32.833 0.28 46.0
36.448 -32.849000000000004 0.275 52.0
36.393 -32.822 0.3 25.0
36.412 -32.821 0.276 15.0
36.405 -32.81 0.268 3.0
36.417 -32.824 0.278 52.0
36.374 -32.81 0.314 56.0
36.4 -32.806 0.334 16.0
36.199 -32.744 0.413 11.0
36.17 -32.721000000000004 0.408 50.0
36.187 -32.722 0.409 59.0
36.199 -32.742 0.432 20.0
36.373 -32.772 0.313 16.0
36.197 -32.754 0.437 12.0
36.191 -32.717 0.422 73.0
36.217 -32.753 0.406 19.0
36.225 -32.725 0.407 46.0
36.235 -32.727000000000004 0.407 59.0
36.211 -32.753 0.417 26.0
36.207 -32.732 0.437 20.0
36.244 -32.726 0.418 69.0
36.264 -32.701 0.252 255.0
36.312 -32.752 0.299 24.0
36.318 -32.738 0.29 41.0
36.317 -32.752 0.338 40.0
36.217 -32.755 0.443 20.0
36.22 -32.76 0.512 18.0
36.226 -32.758 0.48 14.0
36.234 -32.763 0.474 14.0
36.13 -32.723 0.447 24.0
36.142 -32.743 0.468 27.0
36.144 -32.721000000000004 0.488 56.0
36.205 -32.633 0.211 255.0
36.208 -32.643 0.234 255.0
36.17 -32.734 0.439 9.0
36.183 -32.730000000000004 0.447 43.0
36.198 -32.742 0.451 19.0
36.196 -32.724000000000004 0.486 51.0
36.162 -32.696 0.466 58.0
36.17200000000001 -32.733000000000004 0.509 12.0
36.181 -32.743 0.499 16.0
36.191 -32.75 0.504 22.0
36.164 -32.723 0.513 55.0
36.155 -32.712 0.511 55.0
36.154 -32.701 0.52 60.0
36.174 -32.706 0.504 71.0
36.167 -32.697 0.518 81.0
36.153 -32.752 0.533 24.0
36.16 -32.739 0.538 24.0
36.158 -32.729 0.532 31.0
36.192 -32.764 0.372 26.0
36.329 -32.764 0.358 61.0
36.129 -32.69 0.36 63.0
36.346 -32.774 0.368 60.0
36.338 -32.762 0.373 80.0
36.269 -32.762 0.432 25.0
36.35 -32.771 0.399 72.0
36.34 -32.766 0.401 81.0
36.341 -32.759 0.409 72.0
36.306 -32.757 0.417 22.0
36.325 -32.762 0.437 70.0
36.132 -32.68 0.4 85.0
36.119 -32.673 0.397 68.0
36.139 -32.678 0.438 87.0
36.417 -32.839 0.356 66.0
36.43 -32.847 0.363 90.0
36.409 -32.814 0.35 67.0
36.424 -32.839 0.364 75.0
36.356 -32.789 0.357 47.0
36.385 -32.785000000000004 0.362 18.0
36.366 -32.764 0.341 68.0
36.367 -32.792 0.369 91.0
36.371 -32.796 0.367 49.0
36.398 -32.806 0.397 81.0
36.381 -32.807 0.436 46.0
36.371 -32.785000000000004 0.399 81.0
36.377 -32.796 0.396 68.0
36.379 -32.792 0.404 63.0
36.355 -32.784 0.437 39.0
36.381 -32.779 0.438 17.0
36.273 -32.738 0.37 22.0
36.257 -32.730000000000004 0.379 63.0
36.32 -32.749 0.402 83.0
36.273 -32.751 0.406 19.0
36.323 -32.739 0.404 79.0
36.286 -32.730000000000004 0.405 56.0
36.328 -32.749 0.405 38.0
36.279 -32.728 0.406 48.0
36.342 -32.74 0.409 57.0
36.301 -32.729 0.413 59.0
36.268 -32.753 0.431 21.0
36.329 -32.749 0.431 33.0
36.299 -32.74 0.438 36.0
36.349 -32.75 0.427 27.0
36.329 -32.739 0.43 78.0
36.344 -32.791000000000004 0.458 47.0
36.324 -32.764 0.46 29.0
36.328 -32.76 0.444 78.0
36.336 -32.758 0.442 39.0
36.332 -32.755 0.451 69.0
36.332 -32.764 0.46 24.0
36.303 -32.759 0.469 57.0
36.306 -32.771 0.476 25.0
36.322 -32.756 0.48 82.0
36.349 -32.778 0.478 82.0
36.336 -32.755 0.483 33.0
36.28 -32.759 0.512 19.0
36.29700000000001 -32.769 0.531 21.0
36.311 -32.763 0.502 23.0
36.349 -32.768 0.49 90.0
36.342 -32.761 0.503 50.0
36.344 -32.785000000000004 0.531 52.0
36.309 -32.756 0.535 22.0
36.327 -32.76 0.533 39.0
36.328 -32.773 0.514 23.0
36.328 -32.757 0.528 17.0
36.349 -32.766 0.526 82.0
36.408 -32.832 0.448 23.0
36.406 -32.83 0.456 27.0
36.406 -32.819 0.443 68.0
36.12 -32.705 0.507 46.0
36.411 -32.821 0.44 51.0
36.113 -32.69 0.504 64.0
36.411 -32.83 0.487 41.0
36.139 -32.676 0.534 89.0
36.43 -32.846000000000004 0.47 82.0
36.403 -32.823 0.473 83.0
36.417 -32.825 0.482 87.0
36.431 -32.837 0.494 53.0
36.401 -32.812 0.497 60.0
36.403 -32.809 0.496 62.0
36.24 -32.736000000000004 0.446 34.0
36.23300000000001 -32.754 0.464 24.0
36.252 -32.724000000000004 0.485 54.0
36.42200000000001 -32.85 0.528 33.0
36.398 -32.828 0.529 41.0
36.441 -32.844 0.522 52.0
36.433 -32.833 0.516 82.0
36.433 -32.841 0.536 63.0
36.321 -32.749 0.45 37.0
36.42200000000001 -32.82 0.518 58.0
36.265 -32.764 0.341 33.0
36.316 -32.746 0.445 37.0
36.271 -32.781 0.374 39.0
36.346 -32.752 0.44 27.0
36.287 -32.771 0.367 25.0
36.24 -32.747 0.5 16.0
36.222 -32.716 0.5 70.0
36.334 -32.75 0.476 25.0
36.214 -32.727000000000004 0.51 36.0
36.216 -32.717 0.506 48.0
36.234 -32.748 0.536 21.0
36.228 -32.734 0.533 17.0
36.221 -32.705 0.514 69.0
36.327 -32.749 0.497 52.0
36.314 -32.741 0.493 96.0
36.306 -32.743 0.506 28.0
36.338 -32.754 0.499 33.0
36.334 -32.748 0.511 25.0
36.307 -32.733000000000004 0.531 86.0
36.315 -32.735 0.53 40.0
36.32 -32.735 0.535 42.0
36.39 -32.814 0.357 61.0
36.396 -32.818 0.365 76.0
36.398 -32.819 0.366 89.0
36.478 -32.896 -0.154 1.0
36.458 -32.871 -0.152 19.0
36.465 -32.887 -0.109 6.0
36.459 -32.891 -0.082 16.0
36.48300000000001 -32.9 -0.023 3.0
36.463 -32.87 -0.02 34.0
36.42200000000001 -32.829 0.395 81.0
36.434 -32.842 0.391 46.0
36.407 -32.818 0.394 83.0
36.41900000000001 -32.823 0.4 85.0
36.414 -32.829 0.435 39.0
36.436 -32.853 0.434 70.0
36.432 -32.845 0.438 75.0
36.406 -32.807 0.423 78.0
36.303 -32.739 0.359 39.0
36.321 -32.752 0.369 50.0
36.307 -32.736000000000004 0.376 60.0
36.271 -32.759 0.44 13.0
36.289 -32.766 0.442 21.0
36.284 -32.761 0.442 24.0
36.301 -32.756 0.456 29.0
36.292 -32.766 0.482 14.0
36.548 -32.768 -0.099 35.0
36.263 -32.751 0.45 19.0
36.356 -32.78 0.443 53.0
36.296 -32.742 0.446 45.0
36.38 -32.802 0.441 65.0
36.295 -32.734 0.483 74.0
36.398 -32.798 0.455 77.0
36.301 -32.733000000000004 0.488 50.0
36.353 -32.758 0.445 51.0
36.376 -32.801 0.475 81.0
36.355 -32.784 0.477 23.0
36.384 -32.797000000000004 0.48 52.0
36.379 -32.801 0.486 88.0
36.473 -32.878 0.275 38.0
36.471 -32.892 0.301 27.0
36.452 -32.862 0.336 17.0
36.371 -32.786 0.492 61.0
36.476 -32.872 0.391 78.0
36.457 -32.856 0.395 12.0
36.495 -32.899 0.433 43.0
36.479 -32.89 0.435 76.0
36.263 -32.749 0.501 22.0
36.473 -32.884 0.361 48.0
36.461 -32.877 0.433 72.0
36.264 -32.730000000000004 0.508 48.0
36.463 -32.864 0.436 78.0
36.367 -32.791000000000004 0.5 80.0
36.477 -32.89 0.355 43.0
36.272 -32.724000000000004 0.497 75.0
36.466 -32.868 0.359 88.0
36.277 -32.722 0.502 59.0
36.491 -32.889 0.385 47.0
36.362 -32.774 0.501 29.0
36.302 -32.748 0.514 24.0
36.29400000000001 -32.741 0.534 21.0
36.253 -32.72 0.535 70.0
36.388 -32.802 0.522 41.0
36.253 -32.712 0.536 49.0
36.393 -32.796 0.521 81.0
36.505 -32.915 0.445 5.0
36.382 -32.788000000000004 0.529 57.0
36.266 -32.716 0.534 18.0
36.371 -32.772 0.524 65.0
36.381 -32.778 0.516 76.0
36.465 -32.879 0.451 35.0
36.484 -32.891 0.466 50.0
36.489 -32.888 0.488 56.0
36.46 -32.866 0.468 82.0
36.458 -32.861000000000004 0.482 77.0
36.474 -32.72 0.184 255.0
36.465 -32.858000000000004 0.491 60.0
36.472 -32.871 0.511 76.0
36.475 -32.893 0.526 55.0
36.489 -32.883 0.527 14.0
36.458 -32.868 0.527 57.0
36.469 -32.872 0.532 71.0
36.458 -32.886 0.028 14.0
36.502 -32.76 -0.043 82.0
36.473 -32.894 0.208 8.0
36.512 -32.910000000000004 0.358 10.0
36.502 -32.905 0.36 17.0
36.493 -32.905 0.427 9.0
36.513 -32.909 0.497 10.0
36.51 -32.92 0.518 1.0
36.512 -32.918 0.534 5.0
36.435 -32.864 0.594 2.0
36.443 -32.863 0.592 66.0
36.445 -32.856 0.594 25.0
36.441 -32.862 0.831 61.0
36.432 -32.861000000000004 0.86 9.0
36.42200000000001 -32.854 0.871 7.0
36.224 -32.758 0.572 16.0
36.199 -32.757 0.613 11.0
36.15 -32.727000000000004 0.592 23.0
36.146 -32.717 0.588 29.0
36.147 -32.727000000000004 0.616 41.0
36.134 -32.716 0.618 49.0
36.11100000000001 -32.677 0.595 67.0
36.15 -32.69 0.613 53.0
36.147 -32.677 0.623 70.0
36.209 -32.752 0.548 15.0
36.249 -32.709 0.541 54.0
36.231 -32.721000000000004 0.556 46.0
36.173 -32.746 0.594 22.0
36.154 -32.734 0.597 16.0
36.184 -32.705 0.601 37.0
36.176 -32.730000000000004 0.615 21.0
36.193 -32.738 0.616 1.0
36.161 -32.72 0.613 51.0
36.2 -32.702 0.637 2.0
36.225 -32.755 0.66 16.0
36.239 -32.766 0.66 12.0
36.234 -32.763 0.679 12.0
36.06 -32.663000000000004 0.641 125.0
36.074 -32.666000000000004 0.658 255.0
36.149 -32.743 0.72 17.0
36.143 -32.738 0.734 19.0
36.142 -32.718 0.73 52.0
36.22 -32.727000000000004 0.676 58.0
36.173 -32.741 0.704 28.0
36.184 -32.732 0.695 40.0
36.16 -32.717 0.702 76.0
36.189 -32.747 0.723 14.0
36.217 -32.759 0.61 27.0
36.185 -32.749 0.737 20.0
36.241 -32.769 0.589 32.0
36.189 -32.724000000000004 0.728 49.0
36.192 -32.706 0.729 82.0
36.247 -32.74 0.696 40.0
36.213 -32.726 0.698 58.0
36.214 -32.752 0.721 16.0
36.21 -32.745 0.734 16.0
36.251 -32.754 0.725 14.0
36.231 -32.736000000000004 0.726 67.0
36.32 -32.758 0.548 66.0
36.325 -32.757 0.551 45.0
36.316 -32.765 0.586 30.0
36.116 -32.701 0.546 63.0
36.117 -32.693 0.548 34.0
36.141 -32.702 0.544 58.0
36.128 -32.704 0.563 48.0
36.277 -32.759 0.612 35.0
36.288 -32.77 0.618 12.0
36.288 -32.767 0.624 21.0
36.397 -32.811 0.54 65.0
36.363 -32.778 0.545 69.0
36.385 -32.794000000000004 0.58 34.0
36.357 -32.773 0.582 30.0
36.384 -32.817 0.595 56.0
36.371 -32.777 0.581 17.0
36.378 -32.812 0.599 60.0
36.379 -32.776 0.583 55.0
36.388 -32.809 0.599 42.0
36.382 -32.813 0.612 33.0
36.167 -32.71 0.548 59.0
36.189 -32.712 0.54 7.0
36.183 -32.708 0.542 47.0
36.197 -32.711 0.54 63.0
36.179 -32.714 0.559 32.0
36.198 -32.747 0.579 9.0
36.197 -32.722 0.587 8.0
36.414 -32.833 0.596 63.0
36.417 -32.839 0.595 47.0
36.421 -32.829 0.597 37.0
36.407 -32.837 0.612 26.0
36.251 -32.751 0.591 21.0
36.414 -32.832 0.611 4.0
36.238 -32.735 0.595 9.0
36.44 -32.838 0.599 13.0
36.228 -32.732 0.612 40.0
36.448 -32.849000000000004 0.61 9.0
36.213 -32.722 0.611 19.0
36.211 -32.736000000000004 0.62 28.0
36.413 -32.807 0.615 60.0
36.204 -32.754 0.627 21.0
36.286 -32.724000000000004 0.552 61.0
36.258 -32.721000000000004 0.587 19.0
36.33 -32.751 0.573 29.0
36.333 -32.75 0.584 17.0
36.339 -32.742 0.587 29.0
36.311 -32.747 0.597 14.0
36.306 -32.729 0.586 23.0
36.319 -32.752 0.607 40.0
36.343 -32.745 0.596 55.0
36.313 -32.746 0.617 3.0
36.125 -32.715 0.679 38.0
36.288 -32.762 0.661 17.0
36.302 -32.757 0.669 36.0
36.30000000000001 -32.77 0.681 10.0
36.136 -32.697 0.642 59.0
36.29 -32.76 0.698 25.0
36.305 -32.781 0.7 27.0
36.273 -32.766 0.717 31.0
36.338 -32.768 0.697 47.0
36.27 -32.759 0.734 19.0
36.363 -32.806 0.67 35.0
36.279 -32.76 0.721 16.0
36.319 -32.767 0.728 12.0
36.394 -32.809 0.667 79.0
36.285 -32.765 0.735 16.0
36.343 -32.758 0.717 75.0
36.398 -32.809 0.681 64.0
36.162 -32.747 0.66 17.0
36.184 -32.741 0.663 17.0
36.174 -32.719 0.677 58.0
36.364 -32.789 0.669 50.0
36.35800000000001 -32.778 0.685 76.0
36.409 -32.836 0.694 76.0
36.446 -32.849000000000004 0.711 84.0
36.421 -32.828 0.693 13.0
36.436 -32.837 0.727 83.0
36.359 -32.792 0.696 42.0
36.418 -32.822 0.714 77.0
36.367 -32.771 0.712 27.0
36.366 -32.783 0.735 83.0
36.384 -32.8 0.716 58.0
36.357 -32.773 0.719 65.0
36.411 -32.803 0.71 79.0
36.331 -32.744 0.66 29.0
36.306 -32.747 0.673 56.0
36.34 -32.754 0.664 27.0
36.335 -32.753 0.682 27.0
36.307 -32.723 0.663 61.0
36.273 -32.76 0.55 15.0
36.285 -32.764 0.573 17.0
36.349 -32.782000000000004 0.603 59.0
36.429 -32.842 0.575 44.0
36.321 -32.774 0.603 26.0
36.41 -32.807 0.57 51.0
36.315 -32.758 0.606 65.0
36.408 -32.817 0.578 39.0
36.33 -32.761 0.589 35.0
36.42500000000001 -32.825 0.587 54.0
36.337 -32.758 0.605 16.0
36.322 -32.767 0.625 16.0
36.331 -32.758 0.619 34.0
36.345 -32.764 0.616 1.0
36.404 -32.798 0.542 17.0
36.32 -32.745 0.69 52.0
36.347 -32.751 0.688 61.0
36.323 -32.752 0.722 57.0
36.327 -32.746 0.721 24.0
36.217 -32.757 0.759 13.0
36.23300000000001 -32.764 0.762 16.0
36.37 -32.791000000000004 0.596 35.0
36.36100000000001 -32.785000000000004 0.602 48.0
36.356 -32.766 0.597 0.0
36.203 -32.76 0.789 10.0
36.234 -32.769 0.799 16.0
36.23600000000001 -32.768 0.812 14.0
36.35800000000001 -32.791000000000004 0.614 38.0
36.365 -32.77 0.621 59.0
36.15 -32.746 0.757 14.0
36.368 -32.769 0.628 56.0
36.144 -32.71 0.751 70.0
36.255 -32.733000000000004 0.609 48.0
36.29700000000001 -32.744 0.607 57.0
36.281 -32.735 0.609 36.0
36.257 -32.709 0.595 47.0
36.253 -32.742 0.616 0.0
36.262 -32.71 0.632 15.0
36.162 -32.735 0.748 23.0
36.158 -32.739 0.758 13.0
36.194 -32.748 0.746 8.0
36.27 -32.7 0.636 53.0
36.183 -32.748 0.762 23.0
36.196 -32.714 0.748 70.0
36.163 -32.721000000000004 0.767 44.0
36.247 -32.744 0.753 24.0
36.173 -32.729 0.786 22.0
36.246 -32.722 0.745 68.0
36.229 -32.734 0.787 24.0
36.217 -32.725 0.767 48.0
36.318 -32.779 0.664 42.0
36.337 -32.781 0.67 53.0
36.335 -32.784 0.686 20.0
36.163 -32.752 0.798 17.0
36.343 -32.762 0.672 71.0
36.179 -32.728 0.815 38.0
36.185 -32.713 0.821 52.0
36.451 -32.852000000000004 0.662 79.0
36.418 -32.834 0.664 80.0
36.433 -32.846000000000004 0.676 62.0
36.25 -32.771 0.848 10.0
36.226 -32.758 0.864 18.0
36.242 -32.771 0.868 13.0
36.251 -32.771 0.873 18.0
36.388 -32.812 0.696 62.0
36.401 -32.81 0.731 84.0
36.155 -32.724000000000004 0.847 61.0
36.273 -32.729 0.675 60.0
36.204 -32.737 0.858 39.0
36.249 -32.74 0.842 70.0
36.205 -32.729 0.845 54.0
36.284 -32.768 0.762 13.0
36.321 -32.757 0.788 63.0
36.348 -32.771 0.808 70.0
36.348 -32.767 0.808 77.0
36.345 -32.764 0.81 79.0
36.338 -32.788000000000004 0.827 56.0
36.308 -32.763 0.826 36.0
36.269 -32.732 0.694 53.0
36.302 -32.751 0.697 50.0
36.284 -32.737 0.724 45.0
36.27 -32.724000000000004 0.723 82.0
36.43 -32.846000000000004 0.756 44.0
36.445 -32.847 0.757 65.0
36.404 -32.823 0.756 56.0
36.42200000000001 -32.824 0.759 80.0
36.418 -32.844 0.778 22.0
36.405 -32.798 0.739 50.0
36.421 -32.843 0.783 51.0
36.435 -32.841 0.797 82.0
36.435 -32.84 0.801 17.0
36.42 -32.821 0.802 82.0
36.408 -32.815 0.803 76.0
36.403 -32.837 0.829 61.0
36.433 -32.844 0.827 62.0
36.415 -32.811 0.814 73.0
36.173 -32.758 0.81 15.0
36.291 -32.736000000000004 0.742 73.0
36.261 -32.734 0.766 39.0
36.302 -32.747 0.765 32.0
36.275 -32.745 0.788 50.0
36.324 -32.754 0.763 26.0
36.272 -32.741 0.812 60.0
36.30000000000001 -32.737 0.812 88.0
36.259 -32.724000000000004 0.817 75.0
36.315 -32.752 0.81 67.0
36.329 -32.787 0.86 10.0
36.339 -32.78 0.861 71.0
36.307 -32.738 0.814 62.0
36.31 -32.76 0.861 60.0
36.336 -32.766 0.837 57.0
36.428 -32.841 0.861 73.0
36.416 -32.85 0.871 9.0
36.371 -32.8 0.861 72.0
36.259 -32.748 0.86 41.0
36.29700000000001 -32.749 0.84 62.0
36.214 -32.745 0.82 17.0
36.23 -32.731 0.814 52.0
36.206 -32.717 0.82 74.0
36.395 -32.8 0.958 21.0
36.243 -32.725 0.817 59.0
36.48600000000001 -32.883 0.572 52.0
36.462 -32.859 0.574 49.0
36.17500000000001 -32.76 0.843 12.0
36.167 -32.756 0.868 17.0
36.174 -32.76 0.877 29.0
36.476 -32.884 0.595 52.0
36.479 -32.885 0.589 63.0
36.48600000000001 -32.899 0.607 41.0
36.474 -32.877 0.66 79.0
36.457 -32.875 0.59 12.0
36.462 -32.881 0.672 63.0
36.465 -32.875 0.608 55.0
36.475 -32.873 0.672 80.0
36.478 -32.876 0.591 63.0
36.49 -32.892 0.617 15.0
36.493 -32.898 0.742 6.0
36.49 -32.901 0.692 40.0
36.485 -32.892 0.756 61.0
36.47 -32.877 0.693 76.0
36.467 -32.867 0.756 38.0
36.341 -32.779 0.755 31.0
36.476 -32.867 0.756 78.0
36.48300000000001 -32.894 0.783 23.0
36.304 -32.775 0.762 15.0
36.488 -32.897 0.733 12.0
36.484 -32.881 0.782 58.0
36.324 -32.77 0.756 12.0
36.468 -32.867 0.724 83.0
36.453 -32.862 0.783 55.0
36.315 -32.757 0.755 24.0
36.331 -32.756 0.739 85.0
36.327 -32.758 0.771 20.0
36.311 -32.772 0.781 19.0
36.288 -32.771 0.795 6.0
36.343 -32.759 0.764 47.0
36.299 -32.775 0.799 13.0
36.345 -32.778 0.787 64.0
36.295 -32.771 0.813 11.0
36.397 -32.821 0.785 77.0
36.492 -32.887 0.795 48.0
36.462 -32.864 0.798 45.0
36.469 -32.893 0.83 11.0
36.468 -32.887 0.831 61.0
36.373 -32.812 0.828 61.0
36.464 -32.871 0.823 53.0
36.375 -32.801 0.756 27.0
36.399 -32.82 0.83 86.0
36.394 -32.803 0.761 45.0
36.371 -32.78 0.763 44.0
36.378 -32.793 0.806 72.0
36.373 -32.799 0.786 77.0
36.382 -32.794000000000004 0.806 85.0
36.393 -32.801 0.802 80.0
36.369 -32.792 0.816 8.0
36.365 -32.802 0.826 14.0
36.368 -32.793 0.833 85.0
36.373 -32.777 0.819 80.0
36.453 -32.864 0.86 72.0
36.458 -32.848 0.61 26.0
36.354 -32.808 0.852 12.0
36.302 -32.773 0.871 15.0
36.4 -32.82 0.861 72.0
36.295 -32.771 0.87 22.0
36.506 -32.911 0.624 7.0
36.524 -32.933 0.675 7.0
36.514 -32.922000000000004 0.668 8.0
36.499 -32.908 0.757 11.0
36.564 -32.936 0.814 3.0
36.42 -48.53 0.312 98.0
36.447 -48.545 0.358 255.0
36.436 -48.545 0.364 255.0
36.406 -48.522 0.423 0.0
36.45 -48.559 0.325 255.0
36.447 -48.564 0.4 255.0
36.443 -48.561 0.404 255.0
36.412 -48.517 0.494 36.0
36.543 -48.651 0.206 255.0
36.582 -48.673 0.196 36.0
36.589 -48.673 0.213 34.0
36.578 -48.653 0.196 8.0
36.582 -48.681000000000004 0.218 12.0
36.591 -48.654 0.219 23.0
36.607 -48.68 0.193 8.0
36.607 -48.662 0.207 12.0
36.61100000000001 -48.705 0.245 1.0
36.624 -48.721 0.277 255.0
36.586 -48.701 0.301 21.0
36.598 -48.712 0.304 255.0
36.521 -48.616 0.254 41.0
36.6 -48.706 0.312 255.0
36.549 -48.646 0.284 255.0
36.599 -48.705 0.33 255.0
36.507 -48.607 0.27 0.0
36.52 -48.61 0.286 255.0
36.543 -48.65 0.301 136.0
36.549 -48.654 0.297 255.0
36.55000000000001 -48.666 0.309 255.0
36.54 -48.651 0.303 11.0
36.526 -48.629 0.299 255.0
36.542 -48.661 0.314 255.0
36.54700000000001 -48.655 0.317 255.0
36.526 -48.643 0.311 255.0
36.52 -48.631 0.305 255.0
36.503 -48.6 0.301 94.0
36.505 -48.619 0.313 255.0
36.517 -48.606 0.305 255.0
36.508 -48.631 0.318 255.0
36.519 -48.631 0.32 255.0
36.535 -48.646 0.314 255.0
36.531 -48.645 0.326 10.0
36.535 -48.645 0.335 255.0
36.54 -48.64 0.331 255.0
36.505 -48.60800000000001 0.315 255.0
36.506 -48.605 0.319 255.0
36.519 -48.618 0.333 255.0
36.564 -48.664 0.249 34.0
36.552 -48.652 0.241 19.0
36.576 -48.667 0.253 19.0
36.572 -48.67200000000001 0.255 4.0
36.588 -48.66900000000001 0.262 39.0
36.571 -48.679 0.265 255.0
36.599 -48.673 0.278 10.0
36.563 -48.65 0.281 227.0
36.581 -48.655 0.272 54.0
36.583 -48.654 0.285 28.0
36.568 -48.68 0.296 255.0
36.566 -48.683 0.3 255.0
36.571 -48.691 0.306 255.0
36.575 -48.691 0.31 255.0
36.586 -48.67500000000001 0.302 36.0
36.587 -48.68 0.313 255.0
36.574 -48.662 0.3 32.0
36.557 -48.67500000000001 0.315 21.0
36.572 -48.682 0.314 255.0
36.565 -48.681000000000004 0.327 19.0
36.564 -48.677 0.327 16.0
36.583 -48.686 0.327 255.0
36.575 -48.667 0.32 17.0
36.569 -48.661 0.329 255.0
36.583 -48.665 0.32 39.0
36.715 -48.747 0.27 44.0
36.58 -48.652 0.18 5.0
36.715 -48.732 0.277 19.0
36.663 -48.754 0.291 184.0
36.657 -48.751 0.299 255.0
36.684 -48.768 0.299 22.0
36.692 -48.772 0.303 255.0
36.693 -48.764 0.324 11.0
36.742 -48.789 0.327 5.0
36.75 -48.758 0.318 5.0
36.664 -48.747 0.306 255.0
36.673 -48.73300000000001 0.306 255.0
36.676 -48.747 0.29 42.0
36.671 -48.743 0.324 255.0
36.657 -48.744 0.335 255.0
36.626 -48.73300000000001 0.302 255.0
36.641 -48.728 0.293 255.0
36.638 -48.737 0.313 255.0
36.649 -48.741 0.303 255.0
36.63 -48.728 0.309 255.0
36.606 -48.704 0.294 255.0
36.624 -48.709 0.295 255.0
36.61100000000001 -48.718 0.306 255.0
36.612 -48.709 0.332 255.0
36.499 -48.605 0.3 255.0
36.497 -48.602 0.323 255.0
36.471 -48.574 0.29 255.0
36.474 -48.58 0.309 255.0
36.481 -48.579 0.301 255.0
36.479 -48.595 0.321 255.0
36.494 -48.596 0.335 255.0
36.472 -48.563 0.318 184.0
36.475 -48.572 0.326 255.0
36.466 -48.556000000000004 0.316 0.0
36.605 -48.694 0.26 0.0
36.604 -48.694 0.277 52.0
36.601 -48.709 0.37 255.0
36.622 -48.711 0.339 255.0
36.604 -48.701 0.35 255.0
36.62 -48.725 0.367 255.0
36.65 -48.745000000000005 0.364 255.0
36.641 -48.746 0.372 255.0
36.543 -48.657 0.347 255.0
36.537 -48.659 0.375 255.0
36.548 -48.66 0.374 255.0
36.497 -48.604 0.376 255.0
36.492 -48.607 0.38 255.0
36.546 -48.66 0.397 255.0
36.546 -48.657 0.417 255.0
36.521 -48.637 0.391 255.0
36.509 -48.621 0.413 255.0
36.517 -48.63 0.42 255.0
36.54 -48.638 0.417 255.0
36.61 -48.686 0.388 47.0
36.539 -48.64 0.438 255.0
36.61100000000001 -48.694 0.297 255.0
36.59 -48.688 0.41 255.0
36.579 -48.679 0.401 18.0
36.584 -48.684 0.412 27.0
36.589 -48.677 0.404 42.0
36.562 -48.666 0.4 15.0
36.561 -48.67 0.408 255.0
36.572 -48.687 0.414 255.0
36.588 -48.684 0.433 255.0
36.595 -48.685 0.435 255.0
36.609 -48.694 0.412 255.0
36.564 -48.662 0.435 255.0
36.569 -48.662 0.437 255.0
36.579 -48.7 0.479 106.0
36.585 -48.699 0.486 255.0
36.59 -48.703 0.478 255.0
36.642 -48.751 0.528 255.0
36.636 -48.745000000000005 0.489 255.0
36.645 -48.749 0.528 255.0
36.641 -48.73900000000001 0.513 255.0
36.605 -48.703 0.497 255.0
36.689 -48.734 0.283 7.0
36.546 -48.663 0.452 255.0
36.625 -48.727 0.531 255.0
36.539 -48.663 0.461 190.0
36.607 -48.72 0.515 255.0
36.603 -48.722 0.528 255.0
36.523 -48.638 0.453 255.0
36.491 -48.606 0.495 255.0
36.514 -48.619 0.44 255.0
36.498 -48.60800000000001 0.497 255.0
36.504 -48.612 0.454 255.0
36.494 -48.603 0.506 255.0
36.491 -48.6 0.518 255.0
36.526 -48.643 0.469 255.0
36.5 -48.60800000000001 0.528 9.0
36.516 -48.629 0.493 255.0
36.517 -48.63 0.477 255.0
36.519 -48.631 0.495 255.0
36.53 -48.647 0.476 255.0
36.514 -48.634 0.503 255.0
36.529 -48.647 0.483 255.0
36.522 -48.637 0.529 255.0
36.558 -48.642 0.468 48.0
36.529 -48.642 0.524 255.0
36.529 -48.645 0.528 255.0
36.504 -48.615 0.527 255.0
36.506 -48.613 0.528 255.0
36.553 -48.67500000000001 0.498 255.0
36.698 -48.795 0.359 9.0
36.565 -48.674 0.489 255.0
36.684 -48.763 0.362 255.0
36.57 -48.674 0.491 255.0
36.67500000000001 -48.775 0.371 255.0
36.678 -48.768 0.374 255.0
36.591 -48.697 0.489 255.0
36.568 -48.693 0.528 255.0
36.56 -48.67800000000001 0.528 255.0
36.79400000000001 -48.768 0.334 2.0
36.56 -48.673 0.538 255.0
36.595 -48.697 0.535 255.0
36.685 -48.68 0.287 22.0
36.688 -48.663 0.266 255.0
36.726 -48.788 0.369 8.0
36.651 -48.746 0.369 255.0
36.73600000000001 -48.768 0.392 7.0
36.477 -48.568 0.258 132.0
36.475 -48.584 0.272 255.0
36.48600000000001 -48.584 0.272 0.0
36.668 -48.764 0.51 255.0
36.64 -48.729 0.408 255.0
36.659 -48.751 0.528 255.0
36.613 -48.718 0.403 255.0
36.609 -48.705 0.411 255.0
36.637 -48.728 0.429 255.0
36.609 -48.707 0.431 255.0
36.625 -48.707 0.434 255.0
36.66 -48.74200000000001 0.501 255.0
36.509 -48.625 0.34 255.0
36.508 -48.624 0.35 255.0
36.518 -48.629 0.357 255.0
36.52 -48.632 0.375 255.0
36.516 -48.632 0.377 255.0
36.484 -48.601 0.395 255.0
36.535 -48.642 0.371 255.0
36.491 -48.601 0.423 255.0
36.504 -48.609 0.372 255.0
36.578 -48.69 0.343 255.0
36.562 -48.674 0.371 255.0
36.473 -48.578 0.34 255.0
36.478 -48.584 0.354 255.0
36.561 -48.652 0.364 121.0
36.473 -48.578 0.383 255.0
36.478 -48.576 0.376 255.0
36.497 -48.594 0.442 255.0
36.477 -48.588 0.455 255.0
36.475 -48.571 0.444 255.0
36.593 -48.711 0.493 255.0
36.598 -48.708 0.507 255.0
36.494 -48.597 0.468 255.0
36.576 -48.698 0.518 255.0
36.477 -48.572 0.475 107.0
36.591 -48.711 0.528 255.0
36.477 -48.571 0.476 27.0
36.641 -48.737 0.449 255.0
36.607 -48.712 0.45 255.0
36.628 -48.73600000000001 0.477 255.0
36.641 -48.741 0.482 255.0
36.645 -48.73900000000001 0.486 255.0
36.61 -48.722 0.484 255.0
36.616 -48.719 0.488 255.0
36.533 -48.656 0.491 255.0
36.545 -48.652 0.493 255.0
36.542 -48.659 0.513 255.0
36.54700000000001 -48.67 0.519 18.0
36.551 -48.67200000000001 0.521 255.0
36.568 -48.688 0.451 255.0
36.541 -48.665 0.528 255.0
36.597 -48.695 0.457 32.0
36.594 -48.67200000000001 0.45 43.0
36.57 -48.694 0.47 255.0
36.571 -48.689 0.476 255.0
36.569 -48.659 0.484 17.0
36.584 -48.671 0.482 27.0
36.492 -48.606 0.475 255.0
36.668 -48.757 0.405 255.0
36.694 -48.778 0.429 99.0
36.665 -48.748 0.426 255.0
36.655 -48.73600000000001 0.389 255.0
36.697 -48.767 0.424 255.0
36.674 -48.744 0.397 255.0
36.684 -48.751 0.431 255.0
36.68 -48.747 0.406 255.0
36.655 -48.729 0.432 255.0
36.668 -48.762 0.448 255.0
36.665 -48.764 0.48 255.0
36.684 -48.768 0.484 255.0
36.678 -48.759 0.484 255.0
36.48300000000001 -48.585 0.418 255.0
36.462 -48.562 0.418 255.0
36.471 -48.565 0.426 255.0
36.476 -48.586 0.499 255.0
36.473 -48.58 0.497 255.0
36.477 -48.591 0.507 255.0
36.467 -48.582 0.529 255.0
36.479 -48.589 0.529 255.0
36.479 -48.581 0.528 255.0
36.463 -48.554 0.532 255.0
36.449 -48.545 0.552 5.0
36.436 -48.542 0.577 111.0
36.44 -48.549 0.612 54.0
36.445 -48.55000000000001 0.664 21.0
36.394 -48.509 0.69 41.0
36.376 -48.491 0.675 57.0
36.448 -48.552 0.764 63.0
36.446 -48.55300000000001 0.77 79.0
36.386 -48.502 0.793 44.0
36.399 -48.504 0.792 40.0
36.377 -48.503 0.833 69.0
36.42200000000001 -48.535 0.793 18.0
36.423 -48.54 0.8 15.0
36.448 -48.548 0.795 11.0
36.437 -48.535 0.793 66.0
36.429 -48.524 0.791 60.0
36.434 -48.527 0.789 88.0
36.413 -48.515 0.8 53.0
36.423 -48.526 0.815 78.0
36.42 -48.541 0.835 36.0
36.41900000000001 -48.525 0.829 101.0
36.451 -48.561 0.838 33.0
36.446 -48.54700000000001 0.82 34.0
36.433 -48.527 0.819 39.0
36.427 -48.545 0.827 10.0
36.433 -48.536 0.828 67.0
36.415 -48.512 0.83 24.0
36.449 -48.561 0.918 58.0
36.448 -48.54 0.891 65.0
36.412 -48.508 0.895 85.0
36.407 -48.52 0.905 51.0
36.384 -48.48300000000001 0.89 41.0
36.384 -48.494 0.861 48.0
36.384 -48.48600000000001 0.875 30.0
36.426 -48.536 0.918 56.0
36.424 -48.527 0.918 80.0
36.441 -48.541 0.919 79.0
36.431 -48.526 0.935 79.0
36.436 -48.528 0.932 78.0
36.409 -48.518 0.918 68.0
36.446 -48.558 0.941 9.0
36.428 -48.533 0.946 80.0
36.438 -48.533 0.961 75.0
36.412 -48.527 0.971 85.0
36.432 -48.541 0.965 77.0
36.406 -48.516 0.963 34.0
36.409 -48.531 0.992 14.0
36.407 -48.529 0.992 34.0
36.441 -48.546 0.991 74.0
36.424 -48.538 1.035 59.0
36.428 -48.527 1.023 63.0
36.414 -48.519 1.025 72.0
36.398 -48.497 1.015 66.0
36.449 -48.564 1.076 8.0
36.423 -48.548 1.044 39.0
36.402 -48.524 1.046 34.0
36.41900000000001 -48.535 1.063 12.0
36.436 -48.542 1.078 91.0
36.41 -48.516 1.074 29.0
36.386 -48.501 1.09 54.0
36.397 -48.515 1.118 70.0
36.437 -48.545 0.61 55.0
36.402 -48.522 0.611 30.0
36.417 -48.531 1.09 71.0
36.405 -48.509 0.601 41.0
36.418 -48.538 1.114 14.0
36.429 -48.522 0.596 36.0
36.414 -48.528 1.134 55.0
36.418 -48.53 0.634 13.0
36.441 -48.548 1.113 51.0
36.437 -48.538 0.618 75.0
36.427 -48.539 0.633 12.0
36.432 -48.525 0.626 46.0
36.409 -48.515 0.616 56.0
36.412 -48.517 0.62 44.0
36.42500000000001 -48.525 0.65 66.0
36.423 -48.527 0.666 28.0
36.435 -48.539 0.685 83.0
36.427 -48.524 0.683 2.0
36.402 -48.506 0.671 65.0
36.368 -48.482 0.715 36.0
36.443 -48.539 0.689 12.0
36.447 -48.542 0.739 82.0
36.443 -48.537 0.757 77.0
36.41900000000001 -48.519 0.742 52.0
36.421 -48.528 0.765 41.0
36.418 -48.531 0.773 59.0
36.438 -48.554 1.157 62.0
36.415 -48.536 0.847 9.0
36.41900000000001 -48.528 0.837 20.0
36.421 -48.534 0.864 66.0
36.441 -48.535 0.868 49.0
36.412 -48.509 0.871 39.0
36.393 -48.503 0.932 63.0
36.324 -48.472 1.138 32.0
36.73 -48.802 0.588 11.0
36.726 -48.80000000000001 0.644 24.0
36.742 -48.805 0.646 8.0
36.737 -48.806000000000004 0.744 43.0
36.735 -48.799 0.763 38.0
36.632 -48.73600000000001 0.559 255.0
36.602 -48.716 0.561 255.0
36.448 -48.565 0.994 40.0
36.632 -48.73 0.577 255.0
36.435 -48.549 1.004 12.0
36.64 -48.722 0.577 255.0
36.528 -48.646 0.542 255.0
36.504 -48.61 0.545 255.0
36.525 -48.645 0.569 255.0
36.54 -48.645 0.587 255.0
36.389 -48.521 1.07 25.0
36.397 -48.519 1.081 75.0
36.501 -48.612 0.595 4.0
36.495 -48.601 0.59 189.0
36.555 -48.654 0.562 10.0
36.577 -48.691 0.564 255.0
36.584 -48.693 0.582 255.0
36.59 -48.684 0.586 82.0
36.565 -48.66900000000001 0.584 255.0
36.559 -48.656 0.586 17.0
36.572 -48.673 0.606 255.0
36.578 -48.683 0.596 255.0
36.586 -48.693 0.606 64.0
36.604 -48.694 0.594 255.0
36.593 -48.697 0.604 255.0
36.606 -48.694 0.606 83.0
36.556 -48.648 0.596 255.0
36.559 -48.67200000000001 0.603 122.0
36.552 -48.66900000000001 0.607 56.0
36.566 -48.667 0.61 65.0
36.578 -48.671 0.595 255.0
36.592 -48.69 0.632 255.0
36.565 -48.667 0.62 255.0
36.554 -48.651 0.619 19.0
36.563 -48.664 0.635 255.0
36.555 -48.656 0.635 13.0
36.65 -48.746 0.641 17.0
36.65 -48.728 0.645 82.0
36.633 -48.726 0.652 68.0
36.60800000000001 -48.704 0.653 74.0
36.548 -48.656 0.638 39.0
36.627 -48.714 0.656 81.0
36.543 -48.653 0.639 40.0
36.545 -48.653 0.655 70.0
36.622 -48.718 0.663 81.0
36.534 -48.637 0.638 91.0
36.531 -48.637 0.656 28.0
36.54400000000001 -48.653 0.685 34.0
36.54 -48.637 0.658 82.0
36.511 -48.604 0.641 87.0
36.51 -48.612 0.704 61.0
36.525 -48.61100000000001 0.66 82.0
36.548 -48.645 0.729 15.0
36.534 -48.634 0.673 57.0
36.551 -48.646 0.728 84.0
36.541 -48.645 0.684 46.0
36.51 -48.604 0.723 11.0
36.507 -48.61400000000001 0.675 58.0
36.526 -48.619 0.731 84.0
36.509 -48.612 0.676 55.0
36.514 -48.61700000000001 0.684 46.0
36.57 -48.67800000000001 0.725 85.0
36.517 -48.621 0.685 54.0
36.404 -48.536 1.147 14.0
36.418 -48.546 1.141 9.0
36.416 -48.539 1.154 62.0
36.407 -48.535 1.159 48.0
36.699 -48.788 0.547 15.0
36.663 -48.761 0.55 255.0
36.557 -48.639 0.713 68.0
36.656 -48.76 0.556 255.0
36.67 -48.754 0.587 255.0
36.673 -48.759 0.598 255.0
36.685 -48.762 0.59 255.0
36.663 -48.738 0.591 255.0
36.69 -48.767 0.605 59.0
36.667 -48.73600000000001 0.611 27.0
36.68 -48.769 0.622 175.0
36.718 -48.793 0.647 13.0
36.711 -48.79 0.659 79.0
36.721 -48.79400000000001 0.657 12.0
36.706 -48.775 0.654 73.0
36.727 -48.786 0.648 70.0
36.704 -48.762 0.64 68.0
36.724 -48.777 0.687 12.0
36.662 -48.747 0.65 96.0
36.665 -48.745000000000005 0.658 85.0
36.686 -48.744 0.686 25.0
36.67200000000001 -48.759 0.688 33.0
36.696 -48.763 0.715 82.0
36.697 -48.764 0.725 13.0
36.726 -48.79700000000001 0.689 41.0
36.726 -48.785 0.712 61.0
36.701 -48.746 0.736 39.0
36.654 -48.721 0.694 41.0
36.665 -48.741 0.717 80.0
36.667 -48.73600000000001 0.736 80.0
36.596 -48.698 0.545 255.0
36.587 -48.702 0.569 255.0
36.649 -48.737 0.6 255.0
36.647 -48.743 0.605 80.0
36.623 -48.72 0.592 255.0
36.613 -48.718 0.606 61.0
36.614 -48.72 0.602 255.0
36.759 -48.691 0.72 9.0
36.63 -48.717 0.592 255.0
36.645 -48.721 0.602 84.0
36.615 -48.723 0.628 255.0
36.63 -48.729 0.616 51.0
36.615 -48.704 0.615 77.0
36.627 -48.712 0.614 255.0
36.503 -48.592 0.609 70.0
36.551 -48.65 0.608 255.0
36.471 -48.576 0.646 15.0
36.479 -48.582 0.648 12.0
36.485 -48.575 0.644 88.0
36.5 -48.59 0.661 78.0
36.462 -48.564 0.652 10.0
36.461 -48.567 0.658 11.0
36.472 -48.575 0.681 61.0
36.489 -48.587 0.678 55.0
36.534 -48.625 0.598 255.0
36.48600000000001 -48.589 0.684 49.0
36.537 -48.639 0.601 255.0
36.49 -48.589 0.684 43.0
36.537 -48.643 0.608 79.0
36.464 -48.565 0.68 79.0
36.478 -48.568 0.663 47.0
36.533 -48.625 0.61 110.0
36.456 -48.548 0.647 19.0
36.512 -48.601 0.599 255.0
36.518 -48.618 0.608 78.0
36.534 -48.635 0.618 255.0
36.536 -48.627 0.614 55.0
36.514 -48.616 0.637 47.0
36.511 -48.604 0.626 255.0
36.507 -48.605 0.637 32.0
36.453 -48.554 0.706 36.0
36.473 -48.577 0.725 10.0
36.475 -48.566 0.737 83.0
36.503 -48.59 0.734 85.0
36.631 -48.721 0.72 81.0
36.497 -48.60800000000001 0.647 12.0
36.501 -48.61 0.665 53.0
36.501 -48.601 0.683 11.0
36.565 -48.642 0.684 101.0
36.574 -48.67500000000001 0.645 71.0
36.597 -48.691 0.65 67.0
36.579 -48.684 0.655 55.0
36.561 -48.66 0.656 81.0
36.573 -48.686 0.669 69.0
36.575 -48.686 0.686 39.0
36.581 -48.688 0.667 60.0
36.603 -48.697 0.723 82.0
36.59 -48.701 0.755 70.0
36.551 -48.661 0.718 9.0
36.589 -48.701 0.762 61.0
36.709 -48.776 0.596 42.0
36.724 -48.792 0.605 43.0
36.737 -48.79700000000001 0.594 34.0
36.719 -48.785 0.62 51.0
36.698 -48.765 0.649 69.0
36.687 -48.767 0.661 77.0
36.656 -48.748 0.663 72.0
36.624 -48.717 0.79 81.0
36.612 -48.716 0.805 61.0
36.639 -48.73600000000001 0.816 69.0
36.61 -48.715 0.817 72.0
36.54400000000001 -48.642 0.748 63.0
36.54700000000001 -48.631 0.755 52.0
36.515 -48.612 0.75 48.0
36.525 -48.60800000000001 0.756 58.0
36.496 -48.601 0.765 84.0
36.521 -48.626 0.763 79.0
36.538 -48.638 0.782 56.0
36.542 -48.636 0.781 83.0
36.541 -48.658 0.8 30.0
36.523 -48.623 0.763 90.0
36.539 -48.653 0.808 27.0
36.502 -48.601 0.764 76.0
36.51 -48.61 0.772 8.0
36.524 -48.615 0.778 72.0
36.518 -48.61400000000001 0.783 83.0
36.5 -48.604 0.805 24.0
36.546 -48.645 0.793 14.0
36.543 -48.643 0.8 76.0
36.51 -48.619 0.798 40.0
36.566 -48.677 0.758 85.0
36.504 -48.603 0.805 77.0
36.588 -48.684 0.743 60.0
36.52 -48.625 0.823 77.0
36.584 -48.679 0.753 51.0
36.52 -48.632 0.833 21.0
36.569 -48.654 0.754 53.0
36.545 -48.645 0.818 19.0
36.567 -48.676 0.763 78.0
36.545 -48.647 0.821 81.0
36.571 -48.647 0.76 29.0
36.514 -48.623 0.817 51.0
36.579 -48.681000000000004 0.771 59.0
36.506 -48.6 0.824 68.0
36.586 -48.686 0.784 52.0
36.589 -48.69 0.776 76.0
36.585 -48.682 0.777 78.0
36.552 -48.648 0.774 71.0
36.568 -48.668 0.777 58.0
36.564 -48.671 0.778 35.0
36.564 -48.659 0.779 82.0
36.471 -48.584 0.549 255.0
36.481 -48.594 0.554 255.0
36.558 -48.645 0.823 46.0
36.479 -48.594 0.574 255.0
36.464 -48.562 0.576 255.0
36.498 -48.594 0.592 255.0
36.489 -48.578 0.6 255.0
36.496 -48.595 0.606 255.0
36.464 -48.572 0.59 7.0
36.454 -48.546 0.596 49.0
36.463 -48.557 0.596 65.0
36.461 -48.561 0.61 5.0
36.472 -48.568 0.61 51.0
36.475 -48.585 0.625 55.0
36.487 -48.58 0.614 79.0
36.484 -48.578 0.636 15.0
36.502 -48.595 0.661 66.0
36.548 -48.659 0.842 32.0
36.498 -48.599 0.858 35.0
36.54 -48.648 0.854 68.0
36.541 -48.654 0.873 13.0
36.539 -48.654 0.878 42.0
36.511 -48.603 0.891 47.0
36.51 -48.61700000000001 0.904 9.0
36.553 -48.645 0.856 51.0
36.519 -48.622 0.906 5.0
36.521 -48.618 0.909 49.0
36.554 -48.639 0.878 10.0
36.53 -48.634 0.919 31.0
36.538 -48.631 0.936 84.0
36.507 -48.609 0.919 44.0
36.523 -48.609 0.921 29.0
36.524 -48.61 0.925 54.0
36.536 -48.616 0.915 51.0
36.605 -48.696 0.911 52.0
36.607 -48.685 0.913 20.0
36.685 -48.758 0.749 78.0
36.683 -48.752 0.76 87.0
36.652 -48.741 0.751 52.0
36.685 -48.743 0.751 57.0
36.563 -48.645 0.93 16.0
36.662 -48.737 0.768 62.0
36.665 -48.745000000000005 0.772 72.0
36.651 -48.725 0.764 55.0
36.66900000000001 -48.747 0.785 83.0
36.726 -48.787 0.794 56.0
36.704 -48.775 0.814 73.0
36.73300000000001 -48.796 0.813 39.0
36.71 -48.766 0.829 3.0
36.711 -48.771 0.833 14.0
36.703 -48.774 0.844 21.0
36.738 -48.792 0.838 46.0
36.734 -48.79400000000001 0.842 42.0
36.707 -48.768 0.841 80.0
36.725 -48.791 0.868 10.0
36.702 -48.76 0.862 73.0
36.725 -48.774 0.911 43.0
36.717 -48.762 0.905 65.0
36.628 -48.725 0.762 57.0
36.709 -48.782 0.921 57.0
36.643 -48.723 0.751 40.0
36.711 -48.772 0.92 82.0
36.614 -48.701 0.752 43.0
36.641 -48.723 0.774 73.0
36.765 -48.784 0.9 5.0
36.645 -48.727 0.771 79.0
36.61100000000001 -48.708 0.767 63.0
36.609 -48.704 0.776 76.0
36.633 -48.716 0.772 55.0
36.453 -48.55300000000001 0.759 12.0
36.474 -48.575 0.768 82.0
36.475 -48.581 0.769 11.0
36.479 -48.576 0.764 70.0
36.497 -48.583 0.782 80.0
36.464 -48.556000000000004 0.785 89.0
36.48 -48.573 0.785 44.0
36.541 -48.652 0.76 101.0
36.479 -48.566 0.787 69.0
36.54400000000001 -48.651 0.763 79.0
36.472 -48.579 0.796 24.0
36.5 -48.598 0.792 18.0
36.478 -48.578 0.788 12.0
36.49 -48.583 0.788 53.0
36.471 -48.571 0.808 13.0
36.466 -48.559 0.81 79.0
36.471 -48.574 0.833 12.0
36.485 -48.587 0.821 58.0
36.488 -48.576 0.826 57.0
36.511 -48.598 0.812 39.0
36.459 -48.568 0.836 17.0
36.454 -48.545 0.789 72.0
36.462 -48.555 0.827 58.0
36.453 -48.554 0.825 70.0
36.48600000000001 -48.594 0.84 27.0
36.491 -48.596 0.837 25.0
36.48 -48.572 0.861 3.0
36.499 -48.588 0.862 65.0
36.47 -48.562 0.865 58.0
36.452 -48.552 0.862 18.0
36.467 -48.554 0.867 26.0
36.566 -48.674 0.8 19.0
36.577 -48.69 0.795 80.0
36.578 -48.686 0.809 73.0
36.585 -48.681000000000004 0.805 53.0
36.581 -48.695 0.818 75.0
36.567 -48.67 0.82 82.0
36.556 -48.648 0.836 18.0
36.484 -48.584 0.919 29.0
36.481 -48.567 0.924 35.0
36.639 -48.725 0.847 49.0
36.613 -48.716 0.848 57.0
36.60800000000001 -48.701 0.85 68.0
36.628 -48.705 0.852 50.0
36.626 -48.702 0.87 44.0
36.642 -48.712 0.873 52.0
36.648 -48.726 0.908 44.0
36.625 -48.709 0.902 82.0
36.62 -48.702 0.901 72.0
36.634 -48.711 0.894 49.0
36.636 -48.73300000000001 0.919 34.0
36.647 -48.731 0.925 80.0
36.615 -48.698 0.914 57.0
36.616 -48.709 0.927 70.0
36.633 -48.708 0.912 19.0
36.65 -48.731 0.946 60.0
36.646 -48.725 0.943 85.0
36.607 -48.709 0.948 61.0
36.626 -48.71 0.948 67.0
36.517 -48.626 0.841 47.0
36.625 -48.724 0.982 70.0
36.522 -48.624 0.838 31.0
36.549 -48.645 0.846 19.0
36.624 -48.707 1.001 80.0
36.543 -48.644 0.86 32.0
36.633 -48.714 1.0 81.0
36.519 -48.623 0.856 55.0
36.626 -48.723 1.031 60.0
36.522 -48.621 0.859 62.0
36.63 -48.726 1.029 15.0
36.518 -48.606 0.883 17.0
36.572 -48.677 0.9 44.0
36.569 -48.671 0.893 68.0
36.558 -48.668 0.908 68.0
36.571 -48.684 0.918 15.0
36.585 -48.688 0.93 55.0
36.56 -48.661 0.916 48.0
36.573 -48.665 0.913 9.0
36.561 -48.673 0.852 12.0
36.564 -48.665 0.919 46.0
36.576 -48.677 0.853 49.0
36.563 -48.659 0.915 29.0
36.586 -48.695 0.85 60.0
36.562 -48.656 0.916 14.0
36.583 -48.673 0.854 33.0
36.553 -48.659 0.918 9.0
36.584 -48.679 0.874 73.0
36.559 -48.653 0.922 43.0
36.572 -48.66 0.879 48.0
36.709 -48.783 0.746 80.0
36.554 -48.666 0.932 89.0
36.717 -48.777 0.757 73.0
36.73600000000001 -48.789 0.749 43.0
36.701 -48.762 0.762 12.0
36.549 -48.659 0.985 83.0
36.494 -48.602 0.973 31.0
36.705 -48.774 0.763 60.0
36.725 -48.784 0.769 74.0
36.715 -48.774 0.781 68.0
36.73600000000001 -48.789 0.767 7.0
36.703 -48.761 0.765 76.0
36.701 -48.761 0.771 74.0
36.69 -48.76 0.798 77.0
36.67500000000001 -48.754 0.815 69.0
36.67500000000001 -48.753 0.845 30.0
36.665 -48.74200000000001 0.798 53.0
36.655 -48.73300000000001 0.802 58.0
36.684 -48.757 0.846 13.0
36.691 -48.756 0.888 44.0
36.69 -48.754 0.896 72.0
36.7 -48.76 0.901 68.0
36.696 -48.751 0.911 29.0
36.67500000000001 -48.757 0.92 38.0
36.681 -48.75 0.923 82.0
36.676 -48.744 0.844 40.0
36.663 -48.73300000000001 0.866 44.0
36.663 -48.73600000000001 0.909 59.0
36.662 -48.73 0.912 23.0
36.657 -48.721 0.914 55.0
36.654 -48.717 0.927 30.0
36.525 -48.632 0.957 73.0
36.551 -48.626 0.944 87.0
36.531 -48.638 0.955 71.0
36.548 -48.646 0.953 85.0
36.51 -48.607 0.938 84.0
36.512 -48.622 0.96 35.0
36.509 -48.61100000000001 0.958 75.0
36.527 -48.623 0.954 34.0
36.527 -48.636 0.986 47.0
36.519 -48.631 0.998 41.0
36.542 -48.662 0.999 60.0
36.508 -48.624 1.011 30.0
36.534 -48.637 1.011 81.0
36.543 -48.662 1.035 61.0
36.543 -48.636 1.003 47.0
36.513 -48.61100000000001 0.988 50.0
36.524 -48.622 1.011 62.0
36.546 -48.641 1.019 14.0
36.538 -48.634 1.032 63.0
36.59 -48.693 0.949 75.0
36.506 -48.603 1.015 12.0
36.56 -48.67200000000001 0.952 79.0
36.552 -48.664 0.953 57.0
36.566 -48.671 0.951 38.0
36.571 -48.682 0.984 25.0
36.595 -48.702 1.057 70.0
36.563 -48.682 0.993 16.0
36.599 -48.69 1.004 62.0
36.555 -48.664 0.996 60.0
36.564 -48.667 1.007 59.0
36.572 -48.67 1.006 76.0
36.567 -48.684 1.033 39.0
36.59 -48.685 1.022 77.0
36.598 -48.683 1.026 76.0
36.636 -48.723 1.054 66.0
36.641 -48.73300000000001 1.059 10.0
36.639 -48.737 1.078 12.0
36.647 -48.728 1.087 80.0
36.637 -48.718 1.071 58.0
36.632 -48.726 1.11 14.0
36.627 -48.709 1.069 54.0
36.603 -48.698 1.092 53.0
36.605 -48.701 1.122 79.0
36.619 -48.714 1.126 11.0
36.633 -48.721 1.121 76.0
36.516 -48.629 1.054 7.0
36.629 -48.721 1.133 38.0
36.532 -48.631 1.038 61.0
36.507 -48.60800000000001 1.04 72.0
36.529 -48.63 1.071 45.0
36.537 -48.627 1.072 66.0
36.527 -48.641 1.074 76.0
36.533 -48.637 1.077 55.0
36.504 -48.601 1.07 78.0
36.504 -48.61400000000001 1.076 9.0
36.505 -48.616 1.074 76.0
36.509 -48.605 1.081 61.0
36.504 -48.593 0.914 71.0
36.521 -48.625 1.103 52.0
36.543 -48.644 1.117 7.0
36.599 -48.705 0.947 70.0
36.607 -48.696 1.071 61.0
36.596 -48.703 0.983 74.0
36.665 -48.751 0.944 51.0
36.696 -48.771 0.942 77.0
36.685 -48.759 0.938 86.0
36.678 -48.752 0.945 74.0
36.69 -48.762 0.981 72.0
36.738 -48.791 0.943 46.0
36.706 -48.772 0.944 76.0
36.704 -48.772 0.951 9.0
36.715 -48.784 0.98 74.0
36.7 -48.765 0.993 84.0
36.668 -48.738 0.997 83.0
36.661 -48.732 0.987 79.0
36.684 -48.763 1.028 41.0
36.677 -48.745000000000005 0.995 81.0
36.822 -48.796 0.959 3.0
36.688 -48.747 1.008 11.0
36.653 -48.744 1.029 58.0
36.753 -48.787 1.017 4.0
36.71 -48.774 1.047 66.0
36.72 -48.781 1.06 53.0
36.74 -48.788 1.061 2.0
36.718 -48.788 1.08 36.0
36.73 -48.784 1.071 45.0
36.693 -48.76 1.119 75.0
36.697 -48.759 1.129 45.0
36.658 -48.743 1.119 74.0
36.667 -48.745000000000005 1.119 14.0
36.466 -48.579 0.957 33.0
36.488 -48.578 0.941 84.0
36.484 -48.587 0.96 61.0
36.49 -48.592 0.961 81.0
36.488 -48.575 0.958 79.0
36.457 -48.557 0.944 82.0
36.463 -48.554 0.96 78.0
36.488 -48.59 0.989 71.0
36.457 -48.565 0.962 80.0
36.466 -48.567 0.99 76.0
36.453 -48.556000000000004 0.966 85.0
36.457 -48.557 1.005 61.0
36.455 -48.54700000000001 0.995 14.0
36.488 -48.602 0.992 64.0
36.492 -48.599 0.997 47.0
36.586 -48.699 1.143 81.0
36.593 -48.711 1.154 8.0
36.535 -48.654 1.148 37.0
36.537 -48.65 1.148 81.0
36.48 -48.599 1.142 19.0
36.495 -48.609 1.148 28.0
36.494 -48.605 1.154 42.0
36.522 -48.636 1.15 32.0
36.496 -48.6 1.153 77.0
36.525 -48.638 1.157 56.0
36.54 -48.645 1.151 74.0
36.562 -48.67500000000001 1.145 80.0
36.583 -48.691 1.149 59.0
36.558 -48.66900000000001 1.149 50.0
36.556 -48.671 1.159 45.0
36.698 -48.773 1.147 67.0
36.67500000000001 -48.761 1.138 79.0
36.67 -48.752 1.147 59.0
36.685 -48.779 1.161 26.0
36.684 -48.777 1.17 32.0
36.55000000000001 -48.666 1.074 59.0
36.705 -48.781 1.136 79.0
36.703 -48.781 1.16 7.0
36.727 -48.79400000000001 1.147 38.0
36.472 -48.588 1.16 8.0
36.467 -48.581 1.153 72.0
36.466 -48.576 1.155 71.0
36.589 -48.685 1.053 12.0
36.558 -48.668 1.097 52.0
36.577 -48.682 1.123 70.0
36.564 -48.66900000000001 1.061 72.0
36.559 -48.656 1.125 75.0
36.587 -48.693 1.071 40.0
36.596 -48.688 1.072 75.0
36.577 -48.67500000000001 1.071 69.0
36.577 -48.69 1.075 52.0
36.558 -48.67 1.07 7.0
36.559 -48.65 1.072 64.0
36.561 -48.664 1.074 48.0
36.654 -48.744 0.982 64.0
36.715 -48.782 1.026 77.0
36.764 -48.778 0.958 2.0
36.7 -48.762 1.071 65.0
36.689 -48.757 1.063 75.0
36.692 -48.758 1.083 87.0
36.676 -48.743 1.051 61.0
36.677 -48.73900000000001 1.057 48.0
36.659 -48.746 1.064 13.0
36.652 -48.73900000000001 1.066 78.0
36.665 -48.741 1.073 11.0
36.739 -48.791 1.095 0.0
36.743 -48.787 1.11 2.0
36.719 -48.783 1.111 9.0
36.717 -48.782 1.118 58.0
36.724 -48.784 1.126 42.0
36.722 -48.775 1.128 7.0
36.479 -48.588 1.041 69.0
36.458 -48.564 1.043 46.0
36.48600000000001 -48.591 1.074 63.0
36.492 -48.588 1.081 65.0
36.497 -48.597 1.108 9.0
36.484 -48.581 1.108 74.0
36.452 -48.552 1.087 58.0
36.47 -48.571 1.074 89.0
36.461 -48.581 1.118 26.0
36.48 -48.577 1.12 10.0
36.467 -48.568 1.131 77.0
36.644 -48.741 1.139 79.0
36.633 -48.734 1.147 70.0
36.643 -48.743 1.157 10.0
36.60800000000001 -48.713 1.148 72.0
36.617 -48.719 1.141 80.0
36.63 -48.73900000000001 1.165 32.0
36.673 -48.746 1.139 68.0
36.652 -48.74 1.158 7.0
36.228 -22.109 0.181 135.0
36.092 -22.106 0.27 255.0
36.135 -22.139 0.265 255.0
36.151 -22.173 0.291 255.0
36.126 -22.147000000000006 0.292 255.0
36.144 -22.163 0.301 255.0
36.146 -22.158 0.325 27.0
36.145 -22.159 0.328 255.0
36.122 -22.136 0.298 255.0
36.129 -22.118000000000006 0.291 17.0
36.114 -22.115 0.297 255.0
36.131 -22.13 0.314 255.0
36.18 -22.169 0.26 255.0
36.165 -22.13 0.25 6.0
36.166 -22.185 0.299 255.0
36.17200000000001 -22.186 0.308 255.0
36.16 -22.152 0.311 255.0
36.151 -22.151 0.355 255.0
36.129 -22.143 0.388 255.0
36.114 -22.124 0.359 255.0
36.128 -22.13 0.341 255.0
36.129 -22.138 0.363 255.0
36.109 -22.114 0.364 255.0
36.107 -22.11 0.386 255.0
36.084 -22.094 0.392 255.0
36.107 -22.119 0.39 255.0
36.081 -22.094 0.405 255.0
36.107 -22.125 0.409 255.0
36.081 -22.096 0.408 255.0
36.124 -22.118000000000006 0.412 17.0
36.089 -22.105 0.421 255.0
36.138 -22.127 0.412 255.0
36.089 -22.097 0.417 255.0
36.121 -22.126 0.418 255.0
36.12 -22.123 0.428 255.0
36.189 -22.174 0.351 255.0
36.154 -22.162 0.362 255.0
36.183 -22.186 0.383 255.0
36.154 -22.166 0.385 255.0
36.097 -22.121000000000006 0.292 255.0
36.094 -22.12 0.303 255.0
36.076 -22.095 0.292 255.0
36.096 -22.121000000000006 0.326 255.0
36.102 -22.108 0.317 255.0
36.153 -22.159 0.424 255.0
36.189 -22.202 0.453 131.0
36.139 -22.155 0.446 255.0
36.134 -22.142 0.444 255.0
36.151 -22.164 0.454 255.0
36.131 -22.148 0.459 255.0
36.152 -22.17 0.467 255.0
36.074 -22.101 0.459 255.0
36.081 -22.104 0.445 255.0
36.083 -22.098 0.445 255.0
36.127 -22.142 0.467 255.0
36.143 -22.164 0.485 255.0
36.102 -22.127 0.483 255.0
36.076 -22.106 0.47 209.0
36.14 -22.144 0.509 255.0
36.075 -22.092 0.465 255.0
36.148 -22.16 0.514 66.0
36.139 -22.147000000000006 0.519 255.0
36.136 -22.146 0.521 255.0
36.127 -22.14 0.502 255.0
36.112 -22.123 0.512 255.0
36.124 -22.136 0.52 255.0
36.16 -22.175 0.456 255.0
36.11100000000001 -22.124 0.52 255.0
36.154 -22.165 0.443 255.0
36.158 -22.169 0.499 255.0
36.166 -22.169 0.507 255.0
36.197 -22.188 0.504 255.0
36.167 -22.17 0.519 255.0
36.178 -22.169 0.515 255.0
36.17200000000001 -22.16 0.537 255.0
36.235 -22.209 0.415 20.0
36.084 -22.109 0.351 255.0
36.078 -22.098 0.363 255.0
36.095 -22.099 0.355 255.0
36.1 -22.094 0.386 22.0
36.145 -22.142 0.398 255.0
36.136 -22.155 0.409 255.0
36.149 -22.150000000000006 0.415 255.0
36.244 -22.116 0.344 63.0
36.122 -22.132 0.45 255.0
36.107 -22.121000000000006 0.444 255.0
36.114 -22.129 0.446 255.0
36.103 -22.12 0.458 255.0
36.094 -22.113 0.506 255.0
36.104 -22.119 0.462 255.0
36.099 -22.11 0.525 255.0
36.11 -22.112 0.452 255.0
36.086 -22.099 0.514 225.0
36.103 -22.127 0.469 255.0
36.094 -22.099 0.52 255.0
36.051 -22.069 0.287 255.0
36.011 -22.029 0.279 255.0
36.052 -22.066 0.275 255.0
36.046 -22.065 0.288 255.0
35.995 -22.019 0.293 255.0
35.998 -22.022000000000006 0.292 255.0
35.966 -21.994 0.293 255.0
35.978 -21.998 0.294 255.0
35.988 -22.008 0.291 255.0
35.988 -22.009 0.306 255.0
35.983000000000004 -22.009 0.31 255.0
35.999 -22.017 0.322 255.0
35.997 -22.014 0.328 255.0
35.97 -21.992 0.284 255.0
35.956 -21.989 0.311 255.0
35.966 -21.982 0.321 255.0
35.974000000000004 -21.988 0.33 255.0
35.985 -22.016 0.346 255.0
35.974000000000004 -22.0 0.367 255.0
35.982 -21.999 0.375 255.0
36.048 -22.057000000000006 0.392 255.0
36.036 -22.048 0.397 255.0
36.036 -22.065 0.407 255.0
36.052 -22.046 0.423 255.0
36.007 -22.028 0.399 255.0
36.04700000000001 -22.06 0.437 255.0
36.018 -22.037 0.407 255.0
36.039 -22.049 0.427 255.0
36.02 -22.038 0.411 255.0
35.933 -21.946 0.405 255.0
36.01 -22.025000000000006 0.43 255.0
36.004 -22.012 0.428 255.0
35.959 -21.982 0.403 255.0
35.966 -21.98 0.406 255.0
35.961 -21.975 0.418 255.0
35.955 -21.975 0.436 255.0
35.973 -21.997 0.445 255.0
35.984 -22.012 0.448 255.0
35.979 -22.002 0.445 255.0
35.993 -22.014 0.458 255.0
36.008 -22.033 0.447 255.0
35.992 -22.004 0.46 177.0
36.011 -22.027 0.441 255.0
36.005 -22.027 0.445 255.0
35.994 -22.02 0.477 255.0
36.031 -22.033 0.46 255.0
36.033 -22.054000000000006 0.513 255.0
35.986000000000004 -22.0 0.467 255.0
36.006 -22.033 0.465 255.0
36.027 -22.043 0.532 255.0
36.011 -22.039 0.474 255.0
36.037 -22.054000000000006 0.521 255.0
36.021 -22.033 0.472 255.0
36.041 -22.045 0.52 255.0
36.002 -22.024 0.517 255.0
35.987 -22.008 0.522 255.0
35.983000000000004 -22.003 0.525 255.0
35.991 -22.0 0.519 255.0
35.938 -21.96 0.473 255.0
35.964 -21.989 0.449 255.0
35.961 -21.977 0.445 255.0
35.961 -21.988 0.469 255.0
35.964 -21.987 0.475 255.0
35.956 -21.986 0.478 255.0
36.046 -22.07 0.292 255.0
36.02 -22.045 0.29 255.0
36.017 -22.045 0.293 255.0
36.022 -22.055 0.307 255.0
36.04400000000001 -22.057000000000006 0.3 255.0
36.021 -22.049 0.323 255.0
36.051 -22.06 0.322 255.0
36.025 -22.028 0.305 255.0
36.026 -22.031 0.318 33.0
36.025 -22.036 0.325 255.0
36.064 -22.071 0.26 14.0
36.07 -22.061 0.256 33.0
36.068 -22.063 0.262 255.0
36.078 -22.083 0.268 15.0
36.077 -22.057000000000006 0.266 26.0
36.066 -22.059 0.282 27.0
36.055 -22.072 0.294 255.0
36.056 -22.081 0.311 14.0
36.059 -22.059 0.297 255.0
36.062 -22.085 0.325 255.0
36.077 -22.084 0.319 255.0
36.04 -22.054000000000006 0.349 255.0
36.027 -22.045 0.366 255.0
36.046 -22.065 0.367 255.0
36.014 -22.032 0.371 255.0
36.006 -22.021 0.367 255.0
35.991 -22.002 0.398 255.0
35.988 -22.008 0.407 255.0
36.002 -22.014 0.428 13.0
35.957 -21.976 0.368 255.0
35.981 -22.002 0.433 255.0
35.952 -21.975 0.357 255.0
36.056 -22.068 0.365 255.0
36.075 -22.069 0.365 23.0
36.084 -22.09 0.365 255.0
36.049 -22.054000000000006 0.446 12.0
36.029 -22.055 0.463 255.0
36.036 -22.055 0.46 15.0
36.029 -22.048 0.462 255.0
36.042 -22.068 0.468 255.0
36.034 -22.061 0.473 255.0
36.045 -22.049 0.47 22.0
36.032 -22.056 0.479 255.0
36.052 -22.044 0.478 255.0
36.064 -22.083 0.51 255.0
36.084 -22.091 0.51 255.0
36.067 -22.069 0.517 255.0
36.069 -22.075 0.521 255.0
36.058 -22.08 0.53 255.0
36.083 -22.073 0.526 255.0
36.005 -22.017 0.502 74.0
36.016 -22.03 0.521 255.0
36.015 -22.021 0.523 255.0
36.024 -22.037 0.535 255.0
35.962 -21.983 0.504 255.0
35.966 -21.984 0.522 255.0
35.957 -21.979 0.528 255.0
35.980000000000004 -21.992 0.538 255.0
36.059 -22.072 0.394 255.0
36.066 -22.076 0.424 255.0
36.087 -22.086000000000006 0.432 255.0
36.064 -22.078 0.446 255.0
36.063 -22.075 0.446 255.0
36.067 -22.085 0.461 19.0
36.058 -22.074 0.462 255.0
36.06 -22.078 0.463 255.0
36.08 -22.081 0.456 255.0
36.054 -22.051 0.457 255.0
36.057 -22.083 0.471 255.0
36.076 -22.09 0.466 255.0
36.057 -22.052 0.472 255.0
36.181 -22.006 0.528 106.0
36.084 -22.103 0.562 255.0
36.093 -22.107 0.576 255.0
35.985 -22.004 0.539 255.0
35.998 -22.016 0.559 255.0
35.994 -22.017 0.585 255.0
36.046 -22.062 0.606 255.0
35.945 -21.971 0.544 255.0
35.968 -21.987 0.558 255.0
35.976 -21.992 0.559 255.0
35.975 -21.99 0.587 255.0
36.054 -22.074 0.561 255.0
36.071 -22.082 0.579 255.0
36.08 -22.068 0.574 255.0
36.062 -22.056 0.587 24.0
36.057 -22.06 0.599 26.0
36.151 -22.163 0.565 255.0
36.144 -22.151 0.572 255.0
36.105 -22.111 0.544 255.0
36.119 -22.129 0.574 255.0
36.02 -22.044 0.559 255.0
36.041 -22.042 0.539 255.0
36.043 -22.044 0.552 255.0
36.045 -22.06 0.581 255.0
0.689 -12.975 0.504 232.0
0.705 -12.976 0.522 255.0
0.747 -13.002 0.492 213.0
0.79 -13.033 0.49 83.0
0.812 -13.029 0.496 70.0
0.804 -13.037 0.528 66.0
0.836 -13.047 0.537 255.0
0.665 -12.952 0.535 61.0
0.772 -13.009 0.473 255.0
0.513 -12.974 0.991 60.0
0.532 -12.982000000000003 0.987 98.0
0.537 -12.943 0.995 90.0
0.542 -12.943 1.223 60.0
0.463 -12.955 1.25 13.0
0.558 -12.952 1.25 39.0
0.467 -12.887 1.081 9.0
0.468 -12.911 1.115 12.0
0.397 -12.885 1.179 9.0
0.454 -12.869 1.458 6.0
0.975 -13.125 0.626 255.0
0.761 -13.017 0.557 255.0
0.723 -12.998000000000003 0.622 255.0
0.677 -13.057 0.656 18.0
0.662 -12.936 0.73 255.0
0.866 -13.068 0.549 255.0
0.957 -13.108 0.6 255.0
0.793 -13.019 0.543 73.0
0.578 -12.974 1.22 255.0
0.928 -13.104 0.686 255.0
0.886 -13.071 0.701 255.0
0.576 -12.974 1.236 239.0
0.968 -13.13 0.835 13.0
0.633 -13.014000000000001 0.825 255.0
0.49 -12.899 1.11 9.0
0.719 -12.983 0.765 255.0
0.472 -12.897 1.236 10.0
0.468 -12.877 1.459 6.0
0.73 -12.982000000000003 0.804 255.0
0.742 -12.983 0.806 156.0
0.663 -12.946 0.935 255.0
0.73 -12.992 0.851 255.0
0.767 -13.006 0.886 255.0
0.728 -12.98 0.879 255.0
0.681 -12.955 0.859 255.0
0.752 -13.01 0.925 255.0
0.797 -13.030000000000001 0.763 255.0
0.836 -13.038 0.793 255.0
0.694 -12.972 0.554 255.0
0.937 -13.099 0.746 255.0
0.761 -13.007 0.657 255.0
0.733 -12.992 0.657 255.0
0.769 -13.011000000000003 0.709 255.0
0.729 -12.987 0.708 255.0
0.772 -12.999 0.716 255.0
0.89 -13.07 0.756 255.0
0.887 -13.089 0.791 255.0
0.927 -13.101 0.833 255.0
0.954 -13.123000000000003 0.797 255.0
0.936 -13.1 0.829 255.0
0.913 -13.073 0.83 255.0
0.844 -13.037 0.666 255.0
0.83 -13.045 0.697 255.0
0.876 -13.06 0.735 255.0
0.836 -13.043000000000003 0.737 255.0
0.913 -13.072 0.639 255.0
0.794 -13.030000000000001 0.837 255.0
0.818 -13.038 0.865 255.0
0.811 -13.035 0.904 255.0
0.657 -12.94 0.762 255.0
0.658 -12.961 0.78 255.0
0.844 -13.044 0.908 255.0
0.857 -13.062 0.914 255.0
0.841 -13.028 0.933 255.0
0.728 -12.999 0.76 255.0
0.764 -13.003 0.749 255.0
0.773 -13.006 0.771 255.0
0.916 -13.093 0.856 255.0
0.947 -13.104 0.887 255.0
0.791 -13.02 0.845 255.0
1.063 -13.189 0.71 74.0
0.724 -12.996 0.849 255.0
0.721 -12.982000000000003 0.875 255.0
1.066 -13.153 0.714 255.0
0.725 -12.985 0.923 255.0
0.981 -13.135 0.688 255.0
0.978 -13.128 0.722 255.0
0.998 -13.147 0.742 255.0
0.847 -13.056 0.75 255.0
0.833 -13.039 0.757 255.0
1.002 -13.134 0.915 255.0
0.742 -12.856 0.845 1.0
0.81 -12.9 0.896 6.0
0.754 -13.01 0.943 255.0
0.689 -12.972 0.995 255.0
0.668 -12.985 1.09 255.0
0.781 -13.013 0.799 255.0
0.694 -12.981 1.04 255.0
0.755 -13.012 1.128 255.0
0.877 -13.063 0.951 255.0
0.844 -13.057 0.984 255.0
0.875 -13.049 0.969 255.0
0.921 -13.098 0.952 255.0
0.828 -13.049 0.839 255.0
0.837 -13.042 0.842 255.0
0.961 -13.116 1.007 255.0
0.873 -13.057 0.878 255.0
0.837 -13.036 0.868 255.0
0.804 -13.030000000000001 1.091 255.0
0.836 -13.051 1.131 255.0
0.941 -13.096 0.857 255.0
0.968 -13.112 0.87 255.0
0.886 -13.082 0.888 255.0
0.936 -13.093 1.075 255.0
0.962 -13.109 1.097 255.0
0.961 -13.123000000000003 1.135 255.0
0.891 -13.072 1.111 255.0
0.617 -12.967 1.155 255.0
0.681 -12.982000000000003 1.156 255.0
0.709 -12.991 1.226 255.0
0.706 -12.849 0.809 1.0
0.67 -12.967 1.299 255.0
0.655 -12.968 1.321 255.0
0.667 -12.949 0.952 255.0
0.72 -12.958 0.958 255.0
0.681 -12.936 0.943 146.0
0.706 -12.948 0.962 255.0
0.728 -12.968 1.014 255.0
0.767 -13.013 1.236 255.0
0.755 -12.998000000000003 1.248 255.0
0.701 -13.001 1.315 255.0
0.768 -13.015 1.309 255.0
0.835 -13.037 1.023 255.0
0.785 -13.05 1.202 23.0
0.919 -13.1 1.171 255.0
0.846 -13.044 1.208 255.0
0.91 -13.087 1.172 255.0
0.779 -13.002 0.985 255.0
0.859 -13.061 1.038 255.0
0.927 -13.108 1.209 255.0
0.908 -13.08 1.082 255.0
0.97 -13.117 1.192 255.0
0.826 -13.044 1.298 255.0
0.924 -13.094 1.266 255.0
0.968 -13.131 1.201 255.0
0.656 -12.986 1.215 255.0
0.884 -13.06 1.296 255.0
0.742 -13.023 1.191 255.0
0.752 -13.02 1.2 255.0
0.671 -12.98 1.276 6.0
1.026 -13.148 1.051 255.0
1.027 -13.149 1.084 255.0
1.052 -13.146 1.108 255.0
1.011 -13.138 1.178 255.0
1.012 -13.132 1.239 255.0
0.811 -13.043000000000003 1.146 255.0
0.75 -12.889000000000001 0.996 1.0
0.957 -13.112 1.178 255.0
0.736 -13.024 1.338 255.0
0.635 -12.963 1.385 255.0
0.67 -12.951 1.377 255.0
0.75 -13.004 1.383 255.0
0.763 -13.009 1.367 255.0
0.772 -13.018 1.424 255.0
0.765 -13.008 1.431 255.0
0.714 -12.955 1.421 255.0
0.715 -12.96 1.431 77.0
0.89 -13.069 1.225 255.0
0.816 -13.027000000000003 1.26 255.0
0.792 -13.037 1.283 255.0
0.876 -13.076 1.296 255.0
0.624 -12.954 1.456 255.0
0.621 -12.946 1.441 255.0
0.618 -12.944 1.439 255.0
0.666 -12.950000000000003 1.437 255.0
0.76 -13.016 1.438 255.0
0.77 -13.023 1.439 255.0
0.684 -12.982000000000003 1.514 255.0
0.736 -12.987 1.441 255.0
0.706 -12.993 1.512 255.0
0.877 -13.055 1.356 255.0
0.866 -13.051 1.372 255.0
0.827 -13.037 1.395 255.0
0.799 -13.030000000000001 1.412 255.0
0.811 -13.04 1.415 255.0
0.969 -13.116 1.348 255.0
0.956 -13.11 1.361 255.0
0.931 -13.095 1.366 255.0
0.925 -13.09 1.395 255.0
0.924 -13.09 1.406 255.0
0.881 -13.074 1.416 255.0
0.878 -13.074 1.417 26.0
1.028 -13.152000000000003 1.173 255.0
0.929 -13.091000000000003 1.4 255.0
0.944 -13.098 1.403 255.0
0.972 -13.12 1.417 255.0
0.878 -13.059000000000003 1.419 255.0
0.894 -13.065 1.428 255.0
0.782 -13.019 1.421 255.0
0.834 -12.924 0.986 0.0
0.873 -13.072 1.443 255.0
0.833 -13.043000000000003 1.447 255.0
0.788 -13.028 1.495 255.0
0.671 -12.972 1.429 255.0
0.699 -12.988 1.428 255.0
0.702 -12.98 1.429 255.0
0.711 -12.98 1.411 255.0
0.95 -13.099 1.477 255.0
0.95 -13.109 1.48 255.0
0.673 -12.975 1.466 255.0
0.9 -13.081 1.491 255.0
0.779 -13.016 1.45 212.0
0.763 -13.018 1.643 255.0
0.85 -13.056 1.54 255.0
0.838 -13.059000000000003 1.56 255.0
0.71 -12.987 1.457 255.0
0.701 -12.97 1.453 255.0
0.872 -13.079 1.614 19.0
0.87 -13.067 1.63 255.0
0.857 -13.053 1.41 255.0
0.867 -13.067 1.427 255.0
0.99 -13.129 1.395 255.0
0.986 -13.125 1.43 255.0
0.979 -13.12 1.408 255.0
0.633 -12.888 1.522 11.0
0.875 -13.065 1.507 255.0
0.83 -13.048 1.496 255.0
0.942 -13.104 1.491 255.0
0.968 -13.111 1.524 255.0
0.964 -13.124 1.619 255.0
0.734 -12.996 1.555 255.0
0.902 -13.081 1.617 255.0
0.61 -12.841000000000003 1.534 7.0
0.7 -12.912 1.59 24.0
