40.353 -182.727 5.243 37.0
40.383 -182.711 5.3 45.0
40.431 -182.72 5.24 32.0
40.396 -182.698 5.258 40.0
40.388 -182.723 5.316 37.0
40.459 -182.73 5.163 29.0
40.535 -182.711 5.165 1.0
40.453 -182.691 5.261 38.0
40.471 -182.715 5.296 28.0
40.484 -182.685 5.315 28.0
40.413 -183.421 5.672 1.0
40.388 -183.342 5.661 1.0
40.35 -182.737 5.345 25.0
40.359 -182.74 5.347 25.0
40.383 -182.73 5.391 31.0
40.431 -182.726 5.456 31.0
40.42800000000001 -182.757 5.688 25.0
40.411 -182.729 5.326000000000001 33.0
40.36 -182.71800000000005 5.366000000000001 32.0
40.384 -182.714 5.365 42.0
40.369 -182.721 5.379 35.0
40.365 -182.71800000000005 5.389 36.0
40.41900000000001 -182.72400000000002 5.327 34.0
40.426 -182.78 5.742 15.0
40.439 -182.738 5.641 33.0
40.457 -182.739 5.643 26.0
40.46 -182.734 5.665 28.0
40.514 -182.743 5.644 3.0
40.519 -182.74 5.663 3.0
40.573 -182.756 5.659 0.0
40.635 -182.759 5.658 0.0
40.579 -182.787 5.688 0.0
40.645 -182.777 5.694 5.0
40.756 -182.769 5.656 0.0
40.759 -182.782 5.698 7.0
40.91900000000001 -182.766 5.65 4.0
40.441 -182.734 5.473 33.0
40.92800000000001 -182.757 5.714 3.0
40.948 -182.77 5.655 1.0
40.976 -182.772 5.651 5.0
41.107 -182.762 5.658 5.0
41.142 -182.815 5.657 0.0
40.461 -182.737 5.671 28.0
41.207 -182.80700000000004 5.664 1.0
41.218 -182.80700000000004 5.657 1.0
40.453 -182.702 5.344 35.0
40.453 -182.691 5.348 39.0
40.467 -182.696 5.36 32.0
40.445 -182.654 5.37 37.0
40.53 -182.658 5.328 16.0
40.7 -182.782 5.695 5.0
40.445 -182.704 5.437 43.0
40.521 -182.684 5.461 16.0
40.796 -182.768 5.646 2.0
40.855 -182.77 5.647 2.0
40.884 -182.77 5.655 1.0
40.517 -182.719 5.644 9.0
40.517 -182.715 5.703 12.0
40.55000000000001 -182.59 5.643 21.0
40.84 -182.771 5.717000000000001 2.0
40.85800000000001 -182.76 5.716 1.0
41.045 -182.762 5.656 1.0
41.079 -182.769 5.656 1.0
40.522 -182.742 5.742 5.0
41.229 -182.765 5.661 1.0
40.502 -182.695 5.326000000000001 26.0
40.494 -182.715 5.355 21.0
40.491 -182.711 5.349 24.0
40.598 -182.756 5.735 4.0
40.459 -182.705 5.375 32.0
40.457 -182.723 5.389 30.0
40.551 -182.67600000000004 5.393 2.0
40.452 -182.678 5.387 39.0
40.468 -182.685 5.386 29.0
40.766 -182.749 5.726 4.0
40.784 -182.753 5.75 1.0
40.62 -182.763 6.11 3.0
40.454 -182.721 5.474 30.0
40.704 -182.811 6.063 2.0
40.507 -182.605 5.51 24.0
40.768 -182.788 6.04 1.0
40.491 -182.65 5.662 27.0
40.92800000000001 -182.756 5.744 1.0
41.074 -182.757 5.738 1.0
40.837 -182.732 5.921 4.0
40.89 -182.746 5.984 0.0
40.904 -182.728 6.009 4.0
40.994 -182.80700000000004 5.946 0.0
40.956 -182.802 5.975000000000001 1.0
40.98300000000001 -182.784 5.979 0.0
40.958 -182.777 5.997 2.0
40.681 -182.756 5.73 6.0
40.854 -182.786 6.04 2.0
40.876 -182.796 6.112 1.0
40.939 -182.782 6.04 2.0
41.23 -182.756 5.978 1.0
41.205 -182.742 5.992 1.0
41.115 -182.783 6.117 1.0
41.206 -182.789 6.044 4.0
40.488 -182.711 5.822 26.0
41.002 -182.755 5.741000000000001 1.0
41.227 -182.745 5.735 2.0
41.147 -182.729 5.894 2.0
40.948 -182.766 5.979 1.0
40.936 -182.757 5.986 0.0
40.534 -182.697 5.952 7.0
40.914 -182.79 6.069 3.0
41.022 -182.772 6.039 2.0
41.122 -182.748 5.996 5.0
41.11100000000001 -182.775 6.04 2.0
40.51 -182.684 5.754 14.0
40.531 -182.674 5.832 25.0
40.913 -182.716 6.007000000000001 2.0
41.305 -182.82 5.662 1.0
41.289 -182.769 5.663 0.0
41.322 -182.762 5.676 1.0
41.359 -182.806 5.669 5.0
41.378 -182.804 5.66 2.0
41.427 -182.794 5.67 6.0
41.342 -182.763 5.687 0.0
41.62 -182.80100000000004 5.666 4.0
41.584 -182.798 5.677 4.0
41.626 -182.748 5.67 0.0
41.709 -182.741 5.667 1.0
41.721 -182.771 5.678 0.0
41.79 -182.738 5.664 1.0
41.95 -182.74 5.656 1.0
41.978 -182.744 5.71 2.0
41.284 -182.808 5.667 3.0
41.263 -182.75 5.694 1.0
41.372 -182.752 5.728 2.0
41.388 -182.759 5.678 1.0
41.257 -182.764 5.987 0.0
41.276 -182.746 5.991000000000001 6.0
41.38 -182.79 5.968 2.0
41.502 -182.791 5.672 5.0
41.536 -182.796 5.663 4.0
41.548 -182.759 5.66 4.0
41.421 -182.763 5.982 1.0
41.42500000000001 -182.768 5.996 1.0
41.7 -182.798 5.668 4.0
41.277 -182.786 6.043 5.0
41.346 -182.764 6.115 0.0
41.447 -182.785 5.972 1.0
41.447 -182.777 5.986 1.0
41.87 -182.739 5.66 2.0
41.954 -182.808 5.676 2.0
41.436 -182.763 5.975000000000001 1.0
41.499 -182.76 5.98 1.0
41.519 -182.774 5.979 1.0
41.516 -182.774 5.988 1.0
41.571 -182.773 5.972 2.0
41.823 -182.75 5.822 0.0
42.027 -182.785 5.888 0.0
41.301 -182.754 5.978 0.0
41.332 -182.749 5.992 5.0
41.308 -182.752 5.997 5.0
41.644 -182.768 5.972 1.0
41.661 -182.758 5.994 1.0
41.356 -182.774 5.993 8.0
41.36400000000001 -182.765 5.975000000000001 10.0
41.384 -182.771 5.987 2.0
41.354 -182.742 5.989 5.0
41.779 -182.793 5.922 2.0
41.298 -182.672 5.754 4.0
41.966 -182.723 5.817 0.0
41.499 -182.775 5.972 2.0
41.48600000000001 -182.775 5.996 3.0
41.617 -182.782 5.922 1.0
40.75 -182.784 6.128 2.0
41.594 -182.761 5.986 1.0
41.592 -182.761 5.992 2.0
41.962 -182.751 5.822 0.0
40.899 -182.776 6.125 4.0
41.956 -182.755 5.913 3.0
41.981 -182.766 5.914 2.0
41.043 -182.781 6.12 1.0
41.72 -182.761 5.973 1.0
41.888 -182.798 5.92 2.0
40.585 -182.754 6.134 0.0
40.551 -182.745 6.143 1.0
40.649 -182.768 6.173 2.0
42.11400000000001 -182.736 5.649 2.0
42.069 -182.709 5.628 2.0
42.121 -182.747 5.805 1.0
42.04 -182.774 5.899 0.0
42.171 -182.755 5.889 2.0
42.136 -182.76 5.896 1.0
42.19 -182.759 5.893 2.0
42.224 -182.76 5.903 2.0
42.241 -182.786 5.845 2.0
42.308 -182.775 5.847 5.0
42.235 -182.773 5.874000000000001 1.0
42.346 -182.774 5.9 5.0
42.35800000000001 -182.763 5.899 2.0
42.41 -182.759 5.88 2.0
42.407 -182.758 5.906 6.0
42.42 -182.762 5.901 4.0
42.459 -182.782 5.842000000000001 4.0
42.499 -182.787 5.823 1.0
42.5 -182.777 5.835 3.0
42.041 -182.814 5.68 0.0
42.638 -182.758 5.852 1.0
42.058 -182.771 5.808 0.0
42.75 -182.765 5.827 2.0
42.73900000000001 -182.756 5.83 3.0
42.73900000000001 -182.756 5.847 1.0
42.583 -182.714 5.783 1.0
42.099 -182.77 5.889 2.0
42.082 -182.752 5.91 2.0
43.511 -182.752 5.616000000000001 3.0
43.621 -182.761 5.617 3.0
42.931 -182.722 5.689 2.0
42.389 -182.751 5.824 1.0
42.389 -182.757 5.838 3.0
43.076 -182.699 5.679 2.0
42.225 -182.772 5.932 4.0
43.216 -182.699 5.668 3.0
42.441 -182.752 5.865 2.0
43.304 -182.695 5.707 2.0
43.403 -182.696 5.701000000000001 5.0
43.442 -182.683 5.698 4.0
43.54700000000001 -182.687 5.69 2.0
43.605 -182.687 5.691 3.0
42.606 -182.773 5.835 3.0
42.622 -182.758 5.833 4.0
42.631 -182.775 5.831 2.0
42.05000000000001 -182.72 5.813 0.0
42.83 -182.752 5.827 2.0
42.836 -182.761 5.84 1.0
42.846 -182.732 5.825 3.0
42.895 -182.759 5.826000000000001 1.0
42.92 -182.755 5.83 3.0
43.0 -182.74 5.83 4.0
43.122 -182.743 5.753 1.0
43.126 -182.732 5.769 1.0
43.088 -182.742 5.77 3.0
43.17200000000001 -182.781 5.753 2.0
43.24200000000001 -182.762 5.753 2.0
43.272 -182.737 5.763 2.0
43.319 -182.752 5.756 4.0
43.29700000000001 -182.731 5.766 2.0
43.557 -182.731 5.766 3.0
43.131 -182.662 5.741000000000001 3.0
43.212 -182.719 5.77 2.0
43.499 -182.704 5.694 2.0
43.505 -182.711 5.748 2.0
43.80000000000001 -182.734 5.678 3.0
43.831 -182.757 5.615 3.0
43.91900000000001 -182.739 5.676 1.0
42.942 -182.749 5.836 2.0
42.966 -182.737 5.823 2.0
43.057 -182.735 5.751 1.0
44.151 -182.75 5.631 2.0
43.194 -182.742 5.757000000000001 4.0
43.193 -182.739 5.768 2.0
43.388 -182.775 5.72 2.0
44.229 -182.74 5.635 1.0
43.494 -182.727 5.742 2.0
44.42200000000001 -182.725 5.641 2.0
43.078 -182.722 5.83 1.0
43.705 -182.689 5.685 2.0
43.759 -182.696 5.675 2.0
43.73900000000001 -182.701 5.703 4.0
43.884 -182.713 5.704 1.0
43.572 -182.72400000000002 5.746 1.0
43.741 -182.771 5.607 4.0
43.73 -182.766 5.617 3.0
43.694 -182.757 5.683 2.0
43.911 -182.675 5.675 2.0
43.988 -182.661 5.664 1.0
43.899 -182.755 5.614 4.0
43.903 -182.749 5.657 1.0
43.966 -182.707 5.707 2.0
44.014 -182.671 5.67 1.0
44.026 -182.714 5.672 4.0
44.076 -182.708 5.671 1.0
44.258 -182.754 5.615 3.0
44.282 -182.707 5.642 2.0
44.299 -182.72 5.636 2.0
44.39 -182.72400000000002 5.643 1.0
43.802 -182.728 5.729 2.0
43.647 -182.72400000000002 5.748 1.0
43.634 -182.72 5.769 2.0
43.732 -182.713 5.754 1.0
43.978 -182.722 5.736 1.0
43.659 -182.67600000000004 5.684 2.0
43.645 -182.72400000000002 5.696 1.0
43.81 -182.67600000000004 5.68 2.0
43.804 -182.716 5.701000000000001 2.0
44.631 -182.732 5.58 8.0
44.47 -182.715 5.648 1.0
44.022 -182.717 5.65 4.0
44.549 -182.714 5.636 3.0
44.548 -182.703 5.651 3.0
44.554 -182.71200000000005 5.654 2.0
44.674 -182.702 5.609 1.0
44.708 -182.702 5.613 1.0
44.79700000000001 -182.709 5.585 3.0
44.793 -182.701 5.614 1.0
44.636 -182.703 5.658 2.0
44.681 -182.709 5.633 3.0
44.686 -182.686 5.66 1.0
44.148 -182.703 5.645 1.0
44.724 -182.686 5.658 1.0
44.772 -182.685 5.659 1.0
44.86700000000001 -182.691 5.612 2.0
44.545 -182.74 5.576000000000001 2.0
45.22 -182.696 5.545 2.0
46.708 -182.656 5.309 4.0
44.478 -182.708 5.65 8.0
44.497 -182.71 5.664 2.0
47.063 -182.649 5.299 5.0
47.331 -182.612 5.317 4.0
44.623 -182.704 5.612 2.0
47.634 -182.657 5.317 1.0
47.711 -182.661 5.297 1.0
47.665 -182.641 5.32 0.0
47.816 -182.634 5.301 1.0
48.034 -182.618 5.306 6.0
48.212 -182.615 5.299 1.0
48.287 -182.611 5.283 1.0
48.261 -182.611 5.312 2.0
48.335 -182.605 5.278 7.0
48.328 -182.62 5.311 1.0
48.404 -182.623 5.297 1.0
45.837 -182.731 5.589 1.0
45.337 -182.692 5.54 3.0
45.407 -182.689 5.543 3.0
45.344 -182.672 5.545 3.0
46.886 -182.655 5.304 4.0
45.528 -182.674 5.54 2.0
45.637 -182.67 5.511 3.0
45.76 -182.678 5.471 1.0
47.23600000000001 -182.632 5.294 4.0
45.902 -182.67 5.516 1.0
45.934 -182.664 5.476 2.0
45.942 -182.66 5.497 1.0
45.979 -182.675 5.473 1.0
46.008 -182.655 5.485 1.0
45.93 -182.665 5.551 3.0
45.688 -182.73 5.476 1.0
45.315 -182.69 5.533 3.0
46.565 -182.73 5.534 1.0
46.10800000000001 -182.658 5.492 1.0
46.183 -182.668 5.466 2.0
46.324 -182.647 5.373 2.0
45.73 -182.665 5.514 1.0
45.868 -182.675 5.471 1.0
45.84 -182.672 5.51 1.0
46.012 -182.715 5.445 1.0
46.481 -182.655 5.369 3.0
46.501 -182.654 5.442 1.0
46.49 -182.653 5.467000000000001 1.0
46.594 -182.662 5.451000000000001 1.0
46.578 -182.659 5.473 1.0
46.62 -182.653 5.412 5.0
46.75 -182.671 5.392 1.0
46.758 -182.662 5.411 2.0
46.695 -182.636 5.421 1.0
46.907 -182.731 5.534 4.0
46.884 -182.646 5.408 7.0
46.92200000000001 -182.64 5.4 10.0
46.062 -182.651 5.472 2.0
47.092 -182.632 5.347 3.0
47.066 -182.648 5.387 7.0
47.081 -182.64 5.39 1.0
47.17 -182.652 5.397 1.0
47.16900000000001 -182.648 5.398 1.0
46.855 -182.717 5.553 4.0
46.343 -182.665 5.469 1.0
47.255 -182.633 5.406 2.0
47.355 -182.63 5.416 1.0
47.275 -182.623 5.401 8.0
47.406 -182.615 5.399 2.0
46.42200000000001 -182.66 5.464 2.0
46.439 -182.663 5.478 2.0
46.522 -182.65 5.485 1.0
47.601 -182.627 5.352 1.0
47.452 -182.623 5.325 1.0
46.841 -182.661 5.397 1.0
47.817 -182.63 5.329 0.0
47.86100000000001 -182.613 5.344 1.0
47.149 -182.641 5.404 2.0
47.348 -182.622 5.371 5.0
47.342 -182.609 5.376 1.0
48.225 -182.609 5.362 2.0
47.907 -182.615 5.335 3.0
48.689 -182.622 5.278 4.0
48.706 -182.606 5.279 5.0
48.71 -182.612 5.261 5.0
48.85 -182.616 5.261 2.0
49.003 -182.617 5.222 2.0
49.097 -182.597 5.233000000000001 1.0
49.126 -182.595 5.229 5.0
49.129 -182.584 5.254 5.0
49.21 -182.607 5.199 1.0
49.316 -182.597 5.209000000000001 3.0
49.374 -182.604 5.188 4.0
49.416 -182.582 5.217000000000001 1.0
49.522 -182.586 5.202 2.0
49.602 -182.577 5.218 1.0
49.461 -182.564 5.239 1.0
49.539 -182.583 5.23 1.0
49.521 -182.57 5.267 1.0
48.881 -182.606 5.276 2.0
49.667 -182.561 5.199 1.0
49.001 -182.603 5.284 1.0
48.993 -182.59 5.303 0.0
49.101 -182.572 5.255 2.0
49.181000000000004 -182.594 5.238 1.0
49.74200000000001 -182.55 5.204 4.0
49.836 -182.559 5.185 1.0
49.241 -182.589 5.233000000000001 1.0
49.209 -182.58700000000005 5.247 1.0
49.23900000000001 -182.571 5.255 1.0
49.35800000000001 -182.586 5.237 1.0
49.384 -182.588 5.222 1.0
49.382 -182.576 5.256 1.0
49.86400000000001 -182.541 5.208 1.0
49.481 -182.58700000000005 5.202 1.0
50.124 -182.55100000000004 5.17 1.0
50.155 -182.57 5.196 1.0
50.183 -182.547 5.189 1.0
50.264 -182.543 5.198 1.0
50.292 -182.527 5.214 1.0
50.319 -182.536 5.17 1.0
50.345 -182.55 5.151 1.0
50.386 -182.538 5.172 1.0
50.42200000000001 -182.56900000000005 5.119 2.0
49.61700000000001 -182.561 5.2 1.0
50.45 -182.537 5.18 1.0
50.561 -182.547 5.229 1.0
49.737 -182.56300000000005 5.166 1.0
50.495000000000005 -182.523 5.176 1.0
50.659 -182.517 5.231 1.0
50.975 -182.538 5.147 1.0
50.48900000000001 -182.552 5.131 1.0
50.639 -182.577 5.122 0.0
50.74200000000001 -182.537 5.143 1.0
50.724 -182.531 5.17 1.0
50.999 -182.53 5.106 1.0
51.79700000000001 -182.519 5.117 1.0
51.949 -182.519 5.093 1.0
52.093 -182.502 5.015 0.0
52.04400000000001 -182.503 5.09 1.0
52.105 -182.522 5.074 1.0
52.188 -182.503 5.099 1.0
52.278 -182.512 5.032 1.0
53.381 -182.476 5.014 1.0
53.556000000000004 -182.435 4.991000000000001 2.0
51.599 -182.53 5.029 0.0
53.448 -182.483 5.075 0.0
51.677 -182.527 5.094 1.0
53.61 -182.496 5.039 0.0
53.961 -182.467 4.947 1.0
51.799 -182.514 5.058 2.0
53.902 -182.445 5.027 1.0
54.379 -182.461 4.916 1.0
52.19 -182.519 5.011 1.0
53.994 -182.461 4.982 1.0
54.005 -182.431 5.02 1.0
54.064 -182.437 4.991000000000001 1.0
54.156 -182.417 5.02 1.0
54.067 -182.437 5.024 1.0
54.193 -182.445 4.977 1.0
54.219 -182.442 4.983000000000001 1.0
54.413 -182.43 5.006 1.0
53.574 -182.418 4.989 4.0
54.516 -182.44400000000005 5.005 0.0
53.65 -182.47400000000002 4.938 1.0
53.628 -182.473 5.042 1.0
54.755 -182.415 4.961 1.0
54.444 -182.459 4.92 1.0
54.321 -182.45000000000005 4.982 1.0
54.548 -182.46 4.953 1.0
54.411 -182.422 4.998 1.0
54.715 -182.434 4.96 2.0
56.737 -182.34900000000002 4.957 1.0
56.869 -182.393 4.957 1.0
56.881 -182.365 4.958 1.0
57.23600000000001 -182.372 4.896 1.0
57.252 -182.354 4.919 0.0
57.725 -182.41 4.912 0.0
57.826 -182.35 4.922 1.0
57.757 -182.34900000000002 4.979 2.0
57.893 -182.35 4.94 4.0
58.008 -182.363 4.892 1.0
58.056000000000004 -182.339 4.985 2.0
56.755 -182.383 4.985 1.0
56.843 -182.364 4.993 0.0
58.149 -182.323 4.991000000000001 1.0
58.04400000000001 -182.344 4.949 1.0
58.151 -182.352 4.958 1.0
40.605 -200.082 5.981 1.0
40.936 -199.601 5.054 1.0
40.97 -199.584 5.058 0.0
40.923 -199.519 5.048 1.0
40.924 -199.466 5.067 1.0
40.921 -199.464 5.029 0.0
40.96 -198.59 5.046 1.0
40.98600000000001 -198.449 5.021 0.0
40.616 -200.07500000000005 5.949 1.0
40.915 -198.443 5.034 0.0
40.684 -200.031 6.021 1.0
40.98600000000001 -197.645 5.017 1.0
40.594 -199.769 5.99 0.0
40.652 -199.696 5.94 1.0
40.659 -199.288 5.923 0.0
40.647 -199.31 5.952 1.0
40.591 -199.215 5.928 1.0
40.656 -199.107 5.97 1.0
40.97 -199.679 5.057 0.0
40.633 -197.955 5.978 0.0
40.648 -197.463 5.531 1.0
40.702 -197.381 5.536 2.0
40.524 -197.303 5.939 1.0
40.965 -198.476 4.991000000000001 0.0
40.915 -198.537 5.051 1.0
40.604 -197.037 5.915 0.0
40.585 -196.748 5.911 1.0
40.585 -197.046 5.96 0.0
40.957 -197.499 5.014 0.0
40.6 -199.683 5.984 1.0
40.655 -199.131 5.999000000000001 0.0
40.549 -197.991 5.935 1.0
40.622 -197.323 5.542 1.0
40.627 -197.294 5.521 1.0
40.543 -197.339 5.938 1.0
40.535 -196.721 5.911 1.0
40.516 -196.687 5.912 1.0
40.523 -196.876 5.939 1.0
40.966 -196.56900000000005 5.021 1.0
40.909 -195.55100000000004 5.057 0.0
40.961 -195.407 5.056 0.0
40.948 -194.292 5.101 0.0
40.664 -196.546 5.505 0.0
40.579 -196.637 5.937 0.0
40.59 -196.296 5.933 3.0
40.509 -195.95600000000005 5.9 1.0
40.568 -195.892 5.874000000000001 0.0
40.55000000000001 -196.05100000000004 5.921 2.0
40.642 -195.69 5.43 0.0
40.577 -195.803 5.906 1.0
40.565 -195.717 5.927 1.0
40.48600000000001 -195.335 5.893 1.0
40.469 -195.359 5.915 1.0
40.972 -196.483 5.053 0.0
40.48300000000001 -195.248 5.922 1.0
40.963 -195.461 5.043 2.0
40.563 -195.13 5.943000000000001 2.0
40.494 -194.953 5.89 1.0
40.523 -194.923 5.89 1.0
40.955 -194.203 5.088 1.0
40.958 -194.207 5.121 1.0
40.661 -196.46200000000005 5.525 0.0
40.575 -196.666 5.984 1.0
40.481 -194.404 5.891 1.0
40.58 -196.19 5.886 0.0
40.541 -194.317 5.883 0.0
40.54 -194.31300000000005 5.975000000000001 2.0
40.572 -196.054 5.979 1.0
40.451 -193.992 5.902 2.0
40.515 -193.955 5.867 1.0
40.67 -195.58 5.496 2.0
40.44 -194.155 5.932 0.0
40.57 -195.305 5.898 1.0
40.48300000000001 -195.17600000000004 5.883 1.0
40.449 -194.008 5.929 1.0
40.534 -193.97 5.923 1.0
40.426 -192.829 5.895 1.0
40.414 -192.735 5.907 1.0
40.554 -195.15 5.927 1.0
40.61 -194.495 5.495 1.0
40.543 -194.996 5.872 0.0
40.417 -192.92600000000004 5.943000000000001 1.0
40.421 -192.817 5.924 2.0
40.392 -191.95600000000005 5.898 1.0
40.57 -192.711 5.476 0.0
40.485 -193.118 5.834000000000001 1.0
40.54700000000001 -194.393 5.907 1.0
40.521 -193.025 5.871 1.0
40.475 -192.867 5.873 1.0
40.502 -192.774 5.913 1.0
40.51 -192.704 5.898 0.0
40.494 -192.983 5.977 3.0
40.533 -194.05700000000004 5.9 2.0
40.457 -192.427 5.913 1.0
40.499 -192.614 5.92 1.0
40.43 -190.702 5.939 1.0
40.347 -190.677 5.938 1.0
40.47 -191.817 5.948 2.0
40.514 -193.616 5.884 1.0
40.501 -193.628 5.912 1.0
40.434 -193.064 5.906 1.0
40.44 -191.098 5.947 2.0
40.42500000000001 -192.985 5.925 2.0
40.446 -190.892 5.952 2.0
40.438 -190.59 5.968 2.0
40.381 -191.896 5.932 1.0
40.501 -193.143 5.934 1.0
40.502 -192.96 5.887 2.0
40.51 -192.852 5.915 3.0
40.5 -193.06 5.956 2.0
40.493 -192.646 5.94 1.0
40.478 -191.977 5.906 1.0
40.365 -190.971 5.923 1.0
40.373 -190.96800000000005 5.92 1.0
40.356 -190.612 5.923 1.0
40.447 -190.937 5.954 1.0
40.449 -190.699 5.955 0.0
40.426 -190.195 5.915 2.0
40.429 -190.227 5.929 2.0
40.34 -190.184 5.959000000000001 1.0
40.396 -190.05 5.92 1.0
40.42800000000001 -190.062 5.945 1.0
40.418 -189.934 5.968 0.0
40.429 -189.846 5.926 0.0
40.407 -189.784 5.941 2.0
40.328 -189.42600000000004 5.969 1.0
40.41 -189.403 5.948 1.0
40.397 -189.31300000000005 5.97 1.0
40.392 -189.19400000000005 5.987 1.0
40.401 -189.192 6.0 1.0
40.375 -188.97 6.04 0.0
40.47 -189.634 5.497 2.0
40.334 -190.112 5.971 1.0
40.55300000000001 -189.841 5.521 0.0
40.423 -190.068 5.972 3.0
40.342 -189.871 5.932 1.0
40.362 -189.136 5.912 1.0
40.409 -189.388 5.975000000000001 2.0
40.389 -188.493 5.949 0.0
40.375 -188.406 5.971 1.0
40.37 -187.812 5.992 1.0
40.353 -187.631 5.988 2.0
40.345 -187.574 5.976 1.0
40.323 -187.409 6.017 1.0
40.264 -187.384 6.018 2.0
40.377 -188.898 5.982 2.0
40.36 -187.503 6.019 0.0
40.353 -187.507 6.037 2.0
40.508 -188.216 5.522 1.0
40.539 -189.746 5.531 0.0
40.247 -186.977 6.017 1.0
40.262 -186.888 6.058 1.0
40.327 -186.632 6.054 2.0
40.226 -186.172 6.104 1.0
40.37 -188.408 5.962 1.0
40.366 -187.71800000000005 5.967000000000001 0.0
40.332 -187.632 5.978 1.0
40.326 -187.621 5.986 2.0
40.333 -186.207 6.042 4.0
40.351 -187.525 6.015000000000001 2.0
40.206 -185.966 6.061 1.0
40.348 -187.549 6.025 1.0
40.304 -186.096 6.027 1.0
40.309 -185.69400000000005 6.032 4.0
40.359 -187.397 6.047 0.0
40.528 -188.304 5.534 2.0
40.423 -186.911 5.567 1.0
40.521 -186.771 5.585 0.0
40.472 -186.629 5.579 1.0
40.333 -186.827 6.017 1.0
40.337 -186.811 6.015000000000001 2.0
40.331 -186.573 5.967000000000001 0.0
40.314 -186.51 6.026 1.0
40.388 -185.166 5.606 1.0
40.30300000000001 -186.228 6.018 2.0
40.388 -184.885 5.633 2.0
40.314 -185.507 6.084000000000001 1.0
40.29 -185.405 6.088 5.0
40.292 -185.376 6.078 3.0
40.296 -185.215 6.057 0.0
40.26 -184.84 6.04 1.0
40.357 -183.987 5.651 2.0
40.313 -186.073 6.07 1.0
40.213 -184.528 6.095 2.0
40.304 -185.607 6.038 1.0
40.305 -185.61 6.055 2.0
40.244 -184.625 6.078 1.0
40.188 -184.215 6.106 1.0
40.17800000000001 -184.209 6.112 1.0
40.249 -184.036 6.089 3.0
40.487 -186.775 5.525 1.0
40.28 -185.065 6.159 2.0
40.478 -186.546 5.58 1.0
40.275 -184.146 6.138 1.0
40.252 -184.124 6.121 2.0
40.477 -185.465 5.561 0.0
40.472 -185.491 5.582 1.0
40.282 -185.48 6.042 3.0
40.462 -185.216 5.616000000000001 1.0
40.284 -185.156 6.093 1.0
40.295 -185.112 6.084000000000001 1.0
40.445 -185.162 5.642 3.0
40.443 -185.04 5.584000000000001 1.0
40.459 -185.047 5.64 0.0
40.38 -184.642 5.647 1.0
40.462 -184.961 5.621 3.0
40.459 -184.921 5.668 2.0
40.29700000000001 -184.661 6.103 3.0
40.206 -184.105 6.092000000000001 4.0
40.278 -184.312 6.163 2.0
40.26 -184.21 6.188 1.0
40.459 -185.274 5.604 1.0
40.42500000000001 -183.854 5.694 3.0
40.147 -183.44 6.133 1.0
40.219 -183.386 6.139 2.0
40.141 -183.342 6.141 1.0
40.221 -183.249 6.15 1.0
40.134 -183.449 6.184 1.0
40.225 -183.274 6.169 1.0
40.443 -183.495 5.654 1.0
17.278 -182.893 6.445 22.0
17.216 -183.039 6.67 10.0
17.217 -183.03 6.674 2.0
17.274 -183.045 6.638 7.0
17.31 -183.046 6.623 3.0
17.223 -183.02 6.692 17.0
17.266000000000002 -183.034 6.636 14.0
17.239 -183.02 6.646 4.0
17.364 -183.047 6.604 1.0
17.473 -183.039 6.623 8.0
17.469 -182.948 6.669 2.0
17.69 -183.059 6.549 2.0
17.642 -183.017 6.539 1.0
18.514 -183.032 6.49 2.0
18.429000000000006 -183.022 6.506 1.0
18.602 -183.03 6.483000000000001 1.0
18.532 -183.016 6.506 1.0
18.719 -183.042 6.493 1.0
17.414 -183.015 6.640000000000001 0.0
18.269 -183.026 6.568000000000001 2.0
18.411 -183.027 6.547 2.0
18.762 -183.02 6.474 1.0
18.438 -183.024 6.547 2.0
18.429000000000006 -183.021 6.519 1.0
18.96 -183.05 6.447 2.0
19.13 -183.014 6.477 1.0
18.657 -183.03 6.462 2.0
19.808 -183.029 6.412 2.0
18.573 -183.003 6.493 1.0
19.82 -183.034 6.412 2.0
19.88 -183.027 6.395 1.0
18.306 -183.019 6.549 0.0
19.738 -183.028 6.429 4.0
18.481 -183.037 6.523000000000001 2.0
19.953 -183.025 6.378 1.0
18.998 -183.02 6.497 3.0
19.025000000000006 -183.016 6.499000000000001 0.0
19.304000000000006 -183.027 6.433 1.0
19.447 -183.017 6.401 2.0
19.435 -183.024 6.428 2.0
19.414 -183.019 6.441 1.0
19.609 -183.012 6.352 2.0
20.316 -183.018 6.349 1.0
20.412 -183.007 6.363 1.0
20.643 -182.99 6.316 2.0
20.688 -183.003 6.309 2.0
20.733 -182.978 6.282 1.0
20.836000000000006 -182.995 6.289 3.0
20.845 -183.001 6.313 1.0
20.553 -183.002 6.327 1.0
20.54 -182.991 6.398000000000001 3.0
19.977 -183.047 6.385 1.0
20.636 -182.99 6.322 1.0
20.725 -183.018 6.341 2.0
19.95 -182.998 6.375 1.0
20.825 -182.993 6.353 2.0
20.96 -182.959 6.239 4.0
21.14 -182.97400000000002 6.294 4.0
21.301 -182.982 6.228 2.0
21.229 -182.986 6.283 1.0
20.909 -183.006 6.329 2.0
21.249 -182.979 6.28 3.0
21.163 -182.971 6.336 4.0
21.259 -182.984 6.323 4.0
20.365 -183.004 6.332 1.0
21.44 -182.95600000000005 6.123 3.0
21.396 -182.991 6.29 1.0
21.372 -182.979 6.294 1.0
21.461000000000006 -182.975 6.255 2.0
21.515 -182.978 6.159 1.0
20.773 -183.014 6.328 1.0
20.77 -182.999 6.326000000000001 2.0
20.927 -182.987 6.277 4.0
21.032 -182.97400000000002 6.307 3.0
21.285 -182.97 6.139 2.0
21.292 -182.986 6.305 0.0
21.198 -182.989 6.336 0.0
21.593 -183.004 6.281 1.0
21.62 -182.995 6.241000000000001 0.0
21.695 -182.963 6.246 4.0
21.775000000000006 -182.986 6.263 3.0
21.737 -182.994 6.281 2.0
21.83 -182.979 6.25 6.0
21.891 -182.978 6.235 3.0
21.825 -182.997 6.274 1.0
21.861 -182.989 6.267 2.0
22.012 -182.977 6.206 2.0
22.025000000000006 -182.97 6.196 1.0
21.924 -182.997 6.246 1.0
21.957 -182.983 6.218 1.0
21.607 -182.983 6.146 1.0
22.077 -182.978 6.229 0.0
21.873 -182.991 6.347 2.0
21.579 -183.012 6.831 4.0
21.729 -182.975 6.784 1.0
21.831 -182.998 6.781000000000001 1.0
22.043 -182.966 6.745 1.0
22.079 -182.967 6.843 1.0
22.103 -182.963 6.185 1.0
22.262 -182.95600000000005 6.162 0.0
22.128 -182.995 6.243 1.0
22.181 -182.978 6.251 1.0
21.654 -183.003 6.265000000000001 1.0
22.12 -182.976 6.268 5.0
22.203 -182.99 6.229 1.0
22.248 -182.984 6.232 1.0
21.545 -182.966 6.382000000000001 3.0
22.292 -183.01 6.24 3.0
21.754 -182.991 6.289 2.0
22.376 -182.981 6.197 1.0
22.366 -182.976 6.211 1.0
22.343 -182.97 6.199 1.0
21.862 -182.96800000000005 6.221 2.0
21.987 -182.963 6.192 1.0
22.398 -182.959 6.19 3.0
22.478 -182.952 6.147 1.0
22.455 -182.981 6.212 1.0
22.424 -182.972 6.185 1.0
22.413 -182.965 6.197 1.0
21.713 -182.995 6.363 3.0
22.029 -182.967 6.332 3.0
21.691 -183.002 6.811 3.0
21.83 -182.959 6.773000000000001 1.0
22.386 -183.005 6.226 4.0
22.182000000000006 -182.959 6.174 1.0
22.279 -182.963 6.179 2.0
22.28 -182.969 6.212 2.0
22.497 -182.963 6.292 1.0
22.478 -182.985 6.319 2.0
22.668 -183.001 6.185 3.0
22.674 -183.001 6.196 2.0
22.345 -182.959 6.168 1.0
22.742 -183.003 6.179 2.0
22.703 -182.998 6.212 5.0
22.72 -182.971 6.246 4.0
22.787 -182.955 6.238 4.0
22.173 -182.96800000000005 6.83 2.0
22.594 -182.995 6.208 2.0
22.575 -182.978 6.268 1.0
22.685 -182.96800000000005 6.266 3.0
22.762 -182.994 6.197 1.0
22.875 -182.993 6.202 2.0
22.779 -182.97400000000002 6.253 3.0
22.865 -182.964 6.224 4.0
22.869 -182.966 6.242 4.0
23.374 -182.96200000000005 6.087 2.0
23.445 -182.969 6.075 2.0
23.487 -182.96200000000005 6.116000000000001 3.0
23.564 -182.95600000000005 6.105 2.0
23.717 -182.93800000000005 6.085 1.0
23.841 -182.971 6.109 1.0
23.947 -182.977 6.109 1.0
24.045 -182.992 6.106 2.0
24.078 -182.993 6.118 5.0
23.73 -182.921 6.067 3.0
24.103 -182.989 6.085 1.0
24.139 -182.988 6.093 2.0
24.162 -182.983 6.104 4.0
24.243000000000006 -182.988 6.094 3.0
24.364 -182.96 6.065 2.0
24.364 -182.94400000000005 6.065 5.0
24.329 -182.973 6.072 1.0
23.51 -182.967 6.064 1.0
24.408 -183.009 6.062 1.0
23.64 -182.947 6.095 1.0
24.407 -182.982 6.07 1.0
24.428 -182.978 6.088 1.0
24.418 -182.957 6.092000000000001 6.0
24.444 -182.94400000000005 6.069 2.0
24.396 -182.957 6.098 2.0
24.177 -182.913 6.024 3.0
22.907 -182.979 6.162 0.0
23.899 -182.966 6.099 1.0
22.928 -182.97400000000002 6.196 1.0
24.082 -182.957 6.044 2.0
22.937 -182.959 6.214 3.0
23.068 -182.97400000000002 6.168 2.0
23.007 -182.97 6.185 3.0
23.029 -182.96200000000005 6.191 5.0
23.085 -182.96200000000005 6.174 4.0
23.011 -182.96200000000005 6.202 3.0
23.087 -182.965 6.178 2.0
23.083 -182.958 6.191 1.0
23.05 -182.958 6.22 4.0
23.107 -182.969 6.13 4.0
23.101 -182.96 6.135 2.0
23.142 -182.965 6.165 2.0
23.143 -182.96200000000005 6.207 3.0
23.16 -182.969 6.177 2.0
23.245 -182.959 6.151 4.0
23.28 -182.96200000000005 6.15 4.0
23.254 -182.972 6.178 1.0
23.325 -182.95600000000005 6.140000000000001 3.0
23.378 -182.972 6.135 1.0
23.364 -182.967 6.175 1.0
24.3 -183.002 6.073 3.0
24.326 -182.989 6.069 3.0
24.325 -182.985 6.082 3.0
23.416 -182.957 6.172 2.0
23.405 -182.96200000000005 6.187 1.0
23.407 -182.961 6.128 2.0
23.418 -182.96800000000005 6.16 1.0
24.372 -182.967 6.099 5.0
23.529 -182.96200000000005 6.165 6.0
23.59 -182.959 6.155 5.0
22.981 -182.98 6.696 1.0
24.436 -182.934 6.041 2.0
24.491 -182.98 6.077 2.0
24.46 -182.973 6.079 5.0
24.471 -182.959 6.08 5.0
23.123 -182.96 6.731 2.0
23.195 -182.952 6.721 3.0
23.173 -182.965 6.12 4.0
23.165 -182.959 6.163 5.0
23.191 -182.955 6.156 2.0
23.348 -182.95600000000005 6.696 1.0
23.457 -182.948 6.640000000000001 1.0
23.42 -182.95000000000005 6.686 0.0
23.441 -182.925 6.681 2.0
23.407 -182.958 6.764 3.0
23.486 -182.948 6.753 2.0
23.31 -182.965 6.19 5.0
23.717 -182.96800000000005 6.131 2.0
23.467 -182.96200000000005 6.176 4.0
23.817 -183.0 6.132000000000001 2.0
23.855 -182.997 6.131 3.0
23.89 -182.983 6.122 1.0
23.996000000000006 -182.991 6.129 4.0
23.650000000000006 -182.957 6.144 3.0
24.061 -182.966 6.16 6.0
23.198 -182.94 6.694 2.0
23.237 -182.951 6.703 2.0
24.186 -182.95000000000005 6.677 1.0
23.008 -183.029 6.728 2.0
24.251 -182.954 6.666 2.0
24.251 -182.939 6.688 2.0
24.274 -182.935 6.671 2.0
24.41 -182.93200000000004 6.604 1.0
24.354 -182.951 6.643 0.0
23.339000000000006 -182.94 6.692 2.0
24.449 -182.947 6.683 0.0
24.502 -182.95000000000005 6.057 2.0
24.571 -182.952 6.061 1.0
24.516 -182.979 6.069 2.0
24.523 -182.959 6.069 3.0
23.779 -182.97 6.12 1.0
24.628 -182.937 6.024 2.0
24.605 -182.955 6.066 4.0
23.95 -182.994 6.119 3.0
24.63 -182.966 6.046 1.0
24.653000000000002 -182.957 6.054 2.0
24.7 -182.95600000000005 6.043 1.0
24.173 -182.961 6.140000000000001 4.0
24.066 -182.952 6.7 2.0
24.150000000000006 -182.984 6.677 2.0
24.162 -182.99 6.697 2.0
24.199 -182.95600000000005 6.678 2.0
24.328 -182.934 6.66 3.0
24.988 -182.975 6.068000000000001 3.0
24.963 -182.941 6.043 3.0
24.974 -182.985 6.114 2.0
24.932000000000006 -182.973 6.092000000000001 4.0
25.052 -182.945 6.052 6.0
25.025000000000006 -182.986 6.082 3.0
24.556 -182.953 6.079 7.0
24.553 -182.958 6.084000000000001 1.0
25.09 -182.98 6.077 6.0
25.236 -182.936 5.955 3.0
24.669 -182.952 6.075 2.0
25.123 -182.976 6.068000000000001 3.0
24.748 -182.959 6.03 1.0
25.218 -182.976 6.057 3.0
25.206 -182.964 6.034 2.0
25.192 -182.941 6.032 3.0
25.205 -182.96200000000005 6.051 2.0
25.292 -182.92600000000004 5.916 1.0
24.858 -182.943 6.035 0.0
25.339000000000006 -182.93 5.995 2.0
25.389 -182.937 6.001 3.0
25.398 -182.93 5.986 2.0
25.459 -182.934 5.975000000000001 2.0
25.310000000000002 -182.973 6.034 3.0
25.384 -182.971 6.07 3.0
24.917 -182.976 6.078 4.0
25.462 -182.97400000000002 6.036 4.0
25.611 -182.93800000000005 5.973 0.0
25.629 -182.967 6.013 3.0
25.535 -182.958 6.039 1.0
25.039 -182.972 6.085 6.0
25.102 -182.925 5.97 4.0
25.673 -182.913 5.968 0.0
25.147000000000006 -182.973 6.064 2.0
25.781 -182.94 6.015000000000001 8.0
25.261 -182.958 6.04 2.0
25.263 -182.945 6.022 2.0
24.968 -182.923 5.985 4.0
25.847 -182.96 6.01 3.0
25.865 -182.93800000000005 5.996 2.0
25.783 -182.955 6.019 2.0
25.928 -182.977 6.014 3.0
25.313 -182.977 6.045 3.0
25.908 -182.972 6.003 2.0
25.927 -182.964 6.011 3.0
25.379 -182.973 6.047 4.0
25.976 -182.957 5.991000000000001 2.0
25.987 -182.957 6.0 1.0
26.046 -182.954 5.99 1.0
25.539 -182.933 5.984 0.0
26.013 -182.922 6.0 4.0
25.53 -182.933 5.988 3.0
25.545 -182.97400000000002 6.025 4.0
25.652 -182.965 6.04 4.0
24.678 -182.994 6.647 2.0
24.786 -182.999 6.635 1.0
25.712 -182.963 6.002 3.0
24.898 -182.977 6.62 1.0
25.82 -182.934 6.007000000000001 6.0
25.448 -182.967 6.642 3.0
25.511 -182.96200000000005 6.63 5.0
25.633 -182.97400000000002 6.637 3.0
25.717000000000002 -182.96200000000005 6.03 3.0
25.702 -182.972 6.626 4.0
25.918 -182.96 6.606 3.0
25.993000000000006 -182.964 6.596 2.0
26.104 -182.954 5.981 2.0
26.106 -182.925 6.006 3.0
26.16 -182.961 5.974 2.0
26.156 -182.93800000000005 5.992 2.0
26.193 -182.991 5.982 4.0
26.286 -182.947 5.973 2.0
24.595 -182.987 6.684 3.0
26.326 -182.979 5.967000000000001 4.0
26.336000000000006 -182.966 5.972 2.0
24.895 -182.97 6.624000000000001 0.0
26.401 -182.95600000000005 5.986 3.0
26.412 -182.927 5.985 3.0
25.563 -182.988 6.651 1.0
25.77 -182.965 6.615 3.0
26.47 -182.924 5.935 5.0
25.967000000000002 -182.955 6.592000000000001 3.0
26.052 -182.958 6.582 2.0
26.679000000000006 -182.914 5.919 0.0
26.692 -182.913 5.911 2.0
26.773 -182.92 5.915 1.0
26.835 -182.913 5.897 2.0
26.882 -182.911 5.899 4.0
26.869 -182.919 5.91 3.0
26.201 -182.954 5.984 2.0
26.199 -182.936 5.983000000000001 1.0
26.236 -182.937 5.985 3.0
26.502 -182.934 6.011 4.0
26.619 -182.954 5.957 2.0
26.638 -182.931 5.923 0.0
26.682000000000006 -182.935 5.939 0.0
26.445 -182.925 5.96 2.0
26.466 -182.927 5.976 3.0
26.653000000000002 -182.933 5.985 1.0
26.754 -182.936 5.967000000000001 0.0
26.819 -182.935 5.978 2.0
26.491 -182.922 5.952 3.0
26.49 -182.915 5.955 5.0
26.501 -182.907 5.95 4.0
26.519 -182.924 5.968 2.0
26.41 -182.919 5.945 7.0
26.587 -182.923 5.934 1.0
26.623 -182.907 5.937 4.0
26.63 -182.91 5.937 2.0
26.621000000000006 -182.911 5.954 0.0
26.664 -182.918 6.022 5.0
26.702 -182.915 5.926 2.0
26.726 -182.912 6.014 4.0
26.762 -182.917 5.995 1.0
27.202 -182.933 5.909 1.0
27.276 -182.928 5.894 1.0
27.237 -182.925 5.903 1.0
26.587 -182.918 5.919 2.0
26.978 -182.909 5.884 2.0
27.064 -182.899 5.864 7.0
27.009 -182.903 5.886 4.0
26.989 -182.907 5.898 3.0
26.97 -182.928 5.963 2.0
26.899 -182.925 5.969 4.0
27.011 -182.933 5.952 10.0
26.572 -182.925 5.959000000000001 1.0
26.553 -182.935 6.002 2.0
27.085 -182.92600000000004 5.937 3.0
27.126 -182.93200000000004 5.926 1.0
27.227 -182.949 5.928 3.0
27.28 -182.949 5.92 2.0
26.888 -182.921 5.982 2.0
26.922 -182.921 5.984 3.0
26.6 -182.925 5.996 1.0
27.143 -182.915 5.94 4.0
26.701 -182.927 5.977 1.0
26.859 -182.927 5.993 3.0
26.548 -182.914 5.925 8.0
26.538 -182.919 5.944 1.0
26.559 -182.909 5.947 4.0
26.6 -182.921 6.031 6.0
27.382 -182.946 5.897 2.0
27.45 -182.937 5.918 4.0
26.747 -182.918 5.923 2.0
27.493000000000006 -182.949 5.888 1.0
27.532 -182.951 5.911 4.0
26.793 -182.921 6.003 3.0
26.793 -182.915 6.013 2.0
27.163 -182.931 5.918 1.0
27.546 -182.945 5.879 0.0
27.377 -182.895 5.824 2.0
27.388 -182.92 5.909 3.0
27.221 -182.896 5.844 3.0
26.958 -182.952 5.97 1.0
27.047 -182.928 5.945 8.0
27.661 -182.924 5.916 1.0
27.062 -182.921 5.949 8.0
27.45 -182.911 5.937 3.0
27.226 -182.922 5.929 4.0
27.5 -182.918 5.95 9.0
27.62 -182.92 5.925 2.0
26.249 -182.929 6.625 3.0
26.183 -182.911 6.61 2.0
27.313 -182.927 5.886 0.0
27.332 -182.953 5.913 4.0
27.308 -182.925 5.918 3.0
27.386 -182.953 5.905 2.0
26.883 -182.97400000000002 6.582 2.0
26.872 -182.896 6.594 2.0
26.999000000000002 -182.903 6.513 2.0
27.021 -182.891 6.495 2.0
27.152 -182.892 6.481 2.0
27.542 -182.886 6.516 3.0
26.999000000000002 -182.94 6.586 3.0
27.455 -182.891 5.815 1.0
27.124000000000002 -182.941 6.569 4.0
27.188 -182.937 6.559 3.0
26.942 -182.908 6.521 4.0
27.147000000000006 -182.921 6.565 5.0
27.102 -182.918 6.574 0.0
27.663 -182.948 5.94 4.0
27.653000000000002 -182.947 5.945 5.0
27.372 -182.953 6.537 0.0
27.525000000000006 -182.971 6.533 2.0
27.603 -182.912 6.595 2.0
27.54 -182.919 5.942 7.0
27.577 -182.912 5.936 3.0
26.199 -182.933 6.633 6.0
26.357 -182.912 6.595 3.0
27.833 -182.93200000000004 5.919 5.0
27.888 -182.955 5.918 5.0
27.89 -182.937 5.911 3.0
27.907 -182.933 5.91 4.0
26.89 -182.895 6.509 2.0
27.954 -182.963 5.901 2.0
27.948 -182.942 5.904 2.0
27.284 -182.897 6.466 2.0
28.008 -182.93200000000004 5.894 2.0
28.0 -182.95000000000005 5.907 4.0
27.982 -182.934 5.902 3.0
27.998 -182.92600000000004 5.903 4.0
27.061 -182.94400000000005 6.578 4.0
28.056 -182.935 5.893 2.0
28.064 -182.945 5.89 2.0
27.738 -182.919 5.902 2.0
27.783 -182.894 5.901 3.0
27.875 -182.901 5.919 5.0
27.913 -182.922 5.919 7.0
27.249000000000002 -182.941 6.551 1.0
27.954 -182.92 5.912 5.0
27.948 -182.906 5.908 5.0
27.189 -182.916 6.557 7.0
27.232 -182.915 6.549 6.0
27.323 -182.963 6.534 2.0
27.308 -182.96800000000005 6.549 0.0
27.711000000000006 -182.954 5.938 6.0
27.684 -182.941 5.938 4.0
27.447 -182.959 6.539 0.0
27.83 -182.943 5.92 5.0
27.783 -182.961 5.95 1.0
27.534 -182.923 6.61 0.0
27.676 -182.9 6.53 5.0
27.681 -182.908 6.592000000000001 3.0
28.106 -182.953 5.889 2.0
28.083 -182.934 5.886 1.0
28.123 -182.929 5.88 1.0
28.125 -182.927 5.878 2.0
28.13 -182.935 5.885 3.0
28.113 -182.945 5.895 4.0
28.109 -182.948 5.907 4.0
28.205 -182.927 5.875 3.0
28.226 -182.943 5.884 7.0
28.310000000000002 -182.94 5.857 3.0
28.304000000000006 -182.942 5.883 3.0
28.338 -182.945 5.873 3.0
28.369 -182.93800000000005 5.874000000000001 2.0
28.433 -182.942 5.868 2.0
28.45 -182.943 5.862 2.0
28.092000000000002 -182.91 5.889 3.0
28.204 -182.894 5.867 5.0
28.257 -182.889 5.86 3.0
27.697 -182.914 5.912 1.0
27.725 -182.9 5.908 1.0
28.305 -182.905 5.861 1.0
28.313 -182.903 5.849 2.0
28.364 -182.895 5.843 3.0
28.417 -182.895 5.836 3.0
28.387 -182.906 5.882000000000001 7.0
28.43 -182.902 5.876 8.0
28.563 -182.94 5.850000000000001 2.0
28.559 -182.93800000000005 5.853 3.0
28.039 -182.924 5.896 4.0
27.775000000000006 -182.952 5.929 5.0
27.757 -182.946 5.93 5.0
27.771 -182.94400000000005 5.928 6.0
28.676 -182.929 5.838 1.0
28.69 -182.955 5.841 1.0
28.71 -182.949 5.843 4.0
28.755 -182.946 5.831 1.0
28.787 -182.942 5.829 1.0
28.560000000000002 -182.894 5.856 3.0
27.872 -182.924 5.926 6.0
28.241 -182.933 5.864 2.0
28.279 -182.927 5.867 2.0
28.24 -182.942 5.89 10.0
28.257 -182.945 5.876 3.0
28.351 -182.954 5.863 1.0
28.408 -182.96200000000005 5.867 3.0
28.161 -182.917 5.877 1.0
28.748 -182.891 5.873 3.0
28.748 -182.915 5.918 6.0
28.234 -182.906 5.87 2.0
28.85 -182.914 5.902 1.0
28.84 -182.909 5.906 4.0
28.607 -182.909 5.941 3.0
28.474 -182.902 5.868 5.0
28.497 -182.949 5.862 2.0
28.626 -182.952 5.847 1.0
28.519 -182.905 5.86 4.0
28.933 -182.916 5.89 3.0
28.953 -182.924 5.902 2.0
28.979 -182.914 5.883 2.0
28.996000000000006 -182.906 5.883 12.0
29.025000000000006 -182.912 5.877 2.0
29.08 -182.885 5.878 3.0
29.119 -182.898 5.877 8.0
28.650000000000006 -182.907 5.839 1.0
29.23 -182.902 5.856 2.0
29.241 -182.901 5.850000000000001 2.0
29.266 -182.901 5.851 2.0
27.978 -182.946 6.514 1.0
27.808 -182.888 6.509 3.0
28.056 -182.897 6.501 4.0
28.795 -182.916 5.911 5.0
28.391 -182.93 6.511 3.0
28.103 -182.895 6.512 2.0
28.107 -182.884 6.497 6.0
28.161 -182.887 6.488 6.0
28.17 -182.89 6.504 3.0
28.239 -182.892 6.494 4.0
28.37 -182.884 6.426 2.0
29.121000000000006 -182.935 5.874000000000001 3.0
29.108 -182.925 5.887 3.0
28.887 -182.915 5.897 3.0
28.897000000000006 -182.903 5.898 5.0
27.756 -182.904 6.583 3.0
27.768 -182.893 6.577 3.0
27.83 -182.901 6.573 4.0
27.814 -182.893 6.573 4.0
29.047 -182.905 5.887 26.0
29.043 -182.893 5.879 7.0
29.068 -182.898 5.874000000000001 2.0
29.144 -182.908 5.862 5.0
29.156000000000002 -182.901 5.869 7.0
28.0 -182.878 6.549 0.0
28.02 -182.891 6.546 1.0
29.192 -182.903 5.856 3.0
29.194 -182.907 5.861 2.0
29.217000000000002 -182.921 5.873 6.0
28.096 -182.913 6.573 0.0
28.191 -182.91 6.558 7.0
28.325 -182.895 6.522 2.0
28.616 -182.933 6.489 2.0
28.215 -182.889 6.479 4.0
28.704 -182.934 6.506 3.0
28.482 -182.863 6.438 2.0
28.544 -182.893 6.469 4.0
28.623 -182.885 6.459000000000001 5.0
27.686 -182.905 6.586 3.0
27.854 -182.901 6.565 3.0
28.739 -182.877 6.444 2.0
28.708 -182.897 6.504 6.0
28.839000000000006 -182.914 6.491000000000001 2.0
28.034 -182.894 6.522 0.0
29.263 -182.937 6.475000000000001 5.0
28.565 -182.889 6.466 6.0
28.505 -182.881 6.477 4.0
28.681 -182.881 6.451000000000001 3.0
28.681 -182.871 6.457 2.0
28.798 -182.878 6.435 1.0
28.901 -182.949 6.462 2.0
28.569 -182.942 6.519 2.0
29.652 -182.925 5.823 2.0
29.289 -182.896 5.844 2.0
29.302 -182.9 5.845 3.0
29.381 -182.91 5.851 5.0
29.405 -182.867 5.846 3.0
29.619 -182.897 5.815 3.0
29.607 -182.885 5.815 7.0
29.492 -182.903 5.83 5.0
29.489 -182.912 5.839 5.0
29.544 -182.916 5.834000000000001 3.0
29.555 -182.894 5.824 3.0
29.553 -182.889 5.821 6.0
29.555 -182.897 5.892 4.0
29.644 -182.919 5.83 4.0
29.650000000000006 -182.881 5.849 1.0
29.643 -182.866 5.901 4.0
29.68 -182.925 5.798 5.0
29.73 -182.92600000000004 5.823 4.0
29.376 -182.905 5.83 4.0
29.338 -182.895 5.838 3.0
29.336000000000006 -182.887 5.843 4.0
29.362 -182.89 5.849 5.0
29.428 -182.904 5.838 5.0
29.435000000000002 -182.897 5.824 1.0
29.435000000000002 -182.911 5.845 5.0
29.47 -182.875 5.904 3.0
29.532 -182.888 5.812 0.0
29.76 -182.921 5.811 3.0
29.746000000000006 -182.888 5.801 1.0
29.810000000000002 -182.888 5.793 2.0
29.598 -182.917 5.828 3.0
29.827 -182.892 5.784 6.0
29.636 -182.887 5.883 5.0
29.746000000000006 -182.891 5.837 2.0
29.744 -182.908 5.86 3.0
29.718 -182.882 5.875 5.0
29.782 -182.901 5.856 7.0
29.821 -182.906 5.849 8.0
29.801 -182.885 5.865 5.0
29.935000000000002 -182.889 5.771 3.0
29.937 -182.88 5.779 0.0
29.935000000000002 -182.889 5.817 5.0
29.99 -182.894 5.763 2.0
30.054000000000006 -182.904 5.816 3.0
30.03 -182.896 5.805 5.0
29.899 -182.903 5.838 8.0
29.912 -182.912 5.848 6.0
29.883 -182.888 5.855 5.0
29.938000000000002 -182.908 5.831 5.0
29.966 -182.888 5.845 5.0
29.978 -182.917 5.823 16.0
30.015 -182.907 5.82 4.0
29.978 -182.913 5.848 5.0
30.07 -182.878 5.871 5.0
30.107 -182.854 5.676 3.0
29.707 -182.909 5.814 7.0
29.683 -182.896 5.808 2.0
29.718 -182.892 5.799 6.0
30.098 -182.884 5.751 1.0
30.093 -182.91 5.808 2.0
30.131 -182.904 5.805 2.0
30.169 -182.898 5.801 2.0
30.24 -182.887 5.752 4.0
30.208 -182.903 5.794 1.0
30.218 -182.876 5.787 4.0
30.211000000000006 -182.876 5.818000000000001 2.0
29.704 -182.908 5.866000000000001 0.0
30.088 -182.914 5.832 5.0
30.18 -182.906 5.82 6.0
30.113 -182.912 5.828 5.0
30.22 -182.907 5.823 5.0
30.216 -182.879 5.854 4.0
29.86 -182.903 5.844 8.0
29.881 -182.892 5.777 5.0
30.239 -182.878 5.893 3.0
30.28 -182.902 5.816 5.0
30.314 -182.901 5.806 4.0
30.318 -182.915 5.81 5.0
30.293 -182.877 5.809 1.0
30.341 -182.907 5.811 5.0
30.408 -182.885 5.765 3.0
29.924 -182.885 5.888 5.0
30.394 -182.916 5.803 4.0
30.401 -182.909 5.806 4.0
30.376 -182.882 5.799 1.0
30.046 -182.913 5.835 6.0
30.038 -182.916 5.843 6.0
30.471 -182.917 5.796 4.0
30.462 -182.91 5.8 5.0
30.579 -182.883 5.719 3.0
30.863 -182.916 5.716 2.0
30.289 -182.884 5.844 3.0
30.361 -182.881 5.836 3.0
30.299 -182.876 5.886 5.0
30.126 -182.884 5.764 5.0
30.152 -182.878 5.746 1.0
30.434 -182.882 5.827 2.0
30.247 -182.908 5.814 5.0
30.42 -182.879 5.87 6.0
30.159 -182.913 5.83 7.0
30.165 -182.904 5.823 6.0
30.143 -182.886 5.861 5.0
30.547 -182.925 5.79 3.0
30.595 -182.867 5.747 1.0
30.583 -182.901 5.787 3.0
30.643 -182.902 5.781 3.0
30.616 -182.875 5.806 3.0
30.541 -182.883 5.854 5.0
30.601 -182.878 5.848 5.0
30.864 -182.878 5.774 6.0
30.823 -182.874 5.781 6.0
29.333 -182.934 6.467000000000001 6.0
29.564 -182.886 6.435 2.0
30.359 -182.874 5.879 5.0
29.843 -182.92600000000004 6.456 4.0
29.93 -182.925 6.45 4.0
29.91 -182.929 6.469 2.0
29.973 -182.936 6.464 5.0
30.037 -182.927 6.456 6.0
29.707 -182.879 6.448 6.0
29.732 -182.88 6.436 2.0
29.749000000000002 -182.875 6.442 6.0
30.481 -182.885 5.862 13.0
29.786 -182.876 6.429 4.0
29.791 -182.875 6.436 6.0
29.931 -182.85 6.351 1.0
30.787 -182.911 5.749000000000001 4.0
29.897000000000006 -182.888 6.412 5.0
29.918 -182.88 6.415 0.0
29.951 -182.888 6.404 4.0
29.962 -182.883 6.416 1.0
30.814 -182.871 5.782 6.0
30.016 -182.845 6.342000000000001 0.0
29.875 -182.876 6.423 2.0
29.665 -182.879 6.454 7.0
29.968 -182.92 6.46 5.0
30.016 -182.884 6.443000000000001 3.0
30.165 -182.936 6.445 6.0
29.86 -182.865 6.383 3.0
30.076 -182.882 6.404 2.0
30.085 -182.876 6.436 2.0
30.225 -182.877 6.418 1.0
29.834 -182.879 6.428 3.0
29.841 -182.88 6.421 4.0
30.281000000000002 -182.895 6.463 2.0
30.524 -182.877 6.439 1.0
30.651 -182.877 6.423 5.0
30.645 -182.898 6.457 7.0
30.906000000000002 -182.878 5.769 6.0
30.947 -182.866 5.767 11.0
30.988 -182.879 5.758 5.0
30.058 -182.918 6.451000000000001 5.0
30.101 -182.941 6.453 6.0
31.03 -182.887 5.751 4.0
31.018 -182.874 5.782 5.0
31.08 -182.873 5.75 4.0
31.106 -182.885 5.771 4.0
31.194 -182.889 5.762 4.0
30.155 -182.88 6.426 1.0
30.147000000000006 -182.924 6.443000000000001 5.0
31.333 -182.864 5.76 7.0
31.383 -182.865 5.754 7.0
31.434 -182.87 5.747 7.0
31.485 -182.868 5.742 5.0
31.064 -182.928 5.73 3.0
30.947 -182.882 5.763 13.0
30.881 -182.874 5.774 6.0
31.535 -182.862 5.737 4.0
31.48 -182.882 5.818000000000001 6.0
31.586000000000006 -182.864 5.731 4.0
31.013 -182.869 5.759 5.0
31.6 -182.895 5.798 5.0
31.613 -182.888 5.801 6.0
31.624000000000002 -182.89 5.785 7.0
31.657 -182.891 5.795 6.0
31.071 -182.876 5.749000000000001 3.0
31.754 -182.856 5.668 4.0
31.861 -182.864 5.716 5.0
31.917 -182.863 5.71 7.0
32.305 -182.84900000000002 5.666 4.0
31.69 -182.864 5.735 8.0
31.747 -182.863 5.729 8.0
31.714000000000006 -182.894 5.778 6.0
31.701 -182.889 5.791 7.0
31.804000000000006 -182.861 5.723 7.0
32.288000000000004 -182.866 5.765 6.0
32.431 -182.868 5.75 6.0
31.524 -182.884 5.813 6.0
31.568 -182.882 5.808 7.0
31.636 -182.854 5.728 3.0
32.994 -182.887 5.709000000000001 2.0
33.088 -182.893 5.717000000000001 3.0
31.669 -182.862 5.676 5.0
32.478 -182.873 5.744 5.0
32.511 -182.856 5.77 6.0
32.663000000000004 -182.889 5.745 5.0
31.974 -182.862 5.704 3.0
32.605000000000004 -182.861 5.74 5.0
32.595 -182.874 5.76 6.0
32.349000000000004 -182.904 5.717000000000001 4.0
32.621 -182.865 5.731 3.0
32.658 -182.874 5.742 4.0
32.633 -182.872 5.757000000000001 5.0
32.641 -182.905 5.773 4.0
32.746 -182.886 5.743 5.0
32.762 -182.878 5.734 3.0
32.669000000000004 -182.859 5.728 2.0
32.674 -182.858 5.732 3.0
31.745 -182.901 5.79 4.0
31.804000000000006 -182.894 5.771 5.0
32.744 -182.851 5.726 2.0
32.786 -182.876 5.743 4.0
32.805 -182.897 5.737 4.0
32.875 -182.886 5.73 4.0
31.92 -182.863 5.826000000000001 3.0
32.938 -182.879 5.729 3.0
32.945 -182.883 5.724 3.0
32.928 -182.888 5.751 7.0
32.336 -182.863 5.761 6.0
32.383 -182.867 5.755 6.0
32.398 -182.84900000000002 5.765 6.0
32.977000000000004 -182.878 5.726 2.0
32.985 -182.885 5.747 8.0
33.015 -182.878 5.723 2.0
33.217 -182.881 5.732 4.0
32.47 -182.9 5.743 2.0
32.511 -182.884 5.745 4.0
32.593 -182.891 5.751 11.0
33.445 -182.896 5.704 4.0
33.528 -182.855 5.69 4.0
33.567 -182.885 5.713 2.0
33.605000000000004 -182.883 5.71 4.0
33.583 -182.847 5.687 4.0
32.671 -182.881 5.751 5.0
32.709 -182.883 5.747 5.0
33.685 -182.888 5.708 3.0
32.823 -182.883 5.738 6.0
32.862 -182.878 5.736 8.0
33.944 -182.876 6.332 5.0
33.913000000000004 -182.826 6.356 2.0
34.013 -182.878 6.329 4.0
34.211 -182.841 5.709000000000001 5.0
34.253 -182.841 5.706 6.0
33.321 -182.883 5.712 4.0
34.424 -182.839 5.696 7.0
34.467 -182.839 5.693000000000001 7.0
33.507 -182.874 5.714 2.0
34.51 -182.847 5.683 1.0
34.509 -182.84300000000005 5.689 5.0
34.552 -182.84300000000005 5.687 6.0
33.626 -182.885 5.71 3.0
34.682 -182.84 5.68 3.0
34.723 -182.84900000000002 5.675 3.0
34.767 -182.842 5.675 2.0
34.037 -182.887 5.69 1.0
33.274 -182.874 5.727 3.0
33.39 -182.874 5.721 4.0
33.951 -182.886 6.284 1.0
33.876 -182.874 6.335 5.0
34.631 -182.879 5.731 2.0
34.735 -182.832 5.76 5.0
34.763 -182.878 5.725000000000001 4.0
34.295 -182.844 5.702 7.0
34.382 -182.839 5.698 8.0
34.857 -182.836 5.748 5.0
34.896 -182.84900000000002 5.666 2.0
34.984 -182.845 5.662 1.0
34.647 -182.854 5.671 4.0
35.07 -182.84900000000002 5.657 2.0
34.81 -182.84300000000005 5.672 2.0
35.175000000000004 -182.853 5.715 1.0
35.191 -182.854 5.719 1.0
35.182 -182.826 5.705 2.0
35.349000000000004 -182.866 5.707 3.0
35.346000000000004 -182.868 5.715 2.0
35.43 -182.882 5.7 4.0
35.42 -182.857 5.709000000000001 3.0
35.433 -182.855 5.7 3.0
35.265 -182.823 5.699 3.0
34.613 -182.833 5.771 5.0
34.684 -182.874 5.735 2.0
34.673 -182.836 5.765 5.0
35.372 -182.816 5.693000000000001 6.0
35.387 -182.818 5.687 4.0
35.425000000000004 -182.81900000000005 5.689 6.0
35.455 -182.816 5.682 5.0
35.550000000000004 -182.818 5.562 3.0
35.495 -182.85 5.704 4.0
34.796 -182.836 5.754 4.0
35.558 -182.834 5.638 1.0
35.607 -182.867 5.693000000000001 4.0
35.651 -182.866 5.7 4.0
35.52 -182.816 5.645 1.0
35.028 -182.84300000000005 5.66 3.0
35.477000000000004 -182.821 5.685 6.0
35.522 -182.822 5.675 4.0
35.531 -182.816 5.682 5.0
35.608000000000004 -182.81900000000005 5.641 1.0
35.636 -182.822 5.674 3.0
35.112 -182.859 5.706 4.0
35.222 -182.871 5.701000000000001 4.0
35.211 -182.829 5.701000000000001 2.0
34.980000000000004 -182.829 5.739 3.0
35.042 -182.826 5.734 3.0
35.266 -182.881 5.714 2.0
35.295 -182.88 5.705 5.0
35.269 -182.867 5.718 1.0
35.36 -182.873 5.701000000000001 4.0
35.268 -182.812 5.654 3.0
35.131 -182.838 5.737 4.0
35.105000000000004 -182.81900000000005 5.73 2.0
35.431 -182.817 5.649 1.0
35.575 -182.866 5.704 4.0
34.287 -182.879 6.316 5.0
34.835 -182.859 6.287 1.0
35.047000000000004 -182.877 6.282 1.0
35.589 -182.824 5.668 3.0
34.975 -182.868 6.283 2.0
35.098 -182.892 6.287 1.0
35.117 -182.879 6.28 2.0
34.919000000000004 -182.828 5.744 2.0
34.95 -182.83700000000005 6.335 0.0
35.181 -182.845 6.32 2.0
35.231 -182.836 6.32 3.0
35.277 -182.838 6.317 4.0
35.392 -182.859 6.266 1.0
35.42 -182.83100000000005 6.312 6.0
35.355000000000004 -182.818 6.265000000000001 2.0
35.425000000000004 -182.823 6.257000000000001 1.0
35.465 -182.841 6.307 5.0
35.601 -182.853 6.257000000000001 1.0
35.586 -182.84300000000005 5.743 3.0
35.608000000000004 -182.836 6.302 6.0
35.568 -182.818 6.245 0.0
34.306 -182.857 6.274 2.0
34.425000000000004 -182.88 6.309 4.0
34.906 -182.869 6.286 1.0
34.997 -182.835 6.333 0.0
35.514 -182.833 6.307 5.0
35.563 -182.829 6.306 5.0
35.498 -182.81300000000005 6.252 0.0
21.877 -179.406 13.239 5.0
21.905 -179.349 13.215 5.0
21.966 -179.265 13.19 7.0
21.863 -179.32500000000005 13.224 6.0
35.676 -182.80100000000004 5.612 2.0
35.800000000000004 -182.788 5.556 4.0
35.727000000000004 -182.862 5.696 4.0
35.692 -182.862 5.688 4.0
35.795 -182.829 5.662 3.0
35.804 -182.861 5.693000000000001 4.0
35.744 -182.81300000000005 5.637 2.0
35.728 -182.81 5.658 7.0
35.792 -182.802 5.638 2.0
35.797000000000004 -182.805 5.653 8.0
35.852000000000004 -182.814 5.662 3.0
35.931 -182.80100000000004 5.543 3.0
35.927 -182.805 5.632 0.0
35.934 -182.803 5.642 1.0
35.702 -182.806 5.548 3.0
36.019 -182.8 5.631 0.0
36.004 -182.795 5.637 0.0
36.012 -182.81900000000005 5.651 1.0
36.046 -182.8 5.66 3.0
35.742 -182.82500000000005 5.666 2.0
36.213 -182.83 5.716 3.0
36.064 -182.80100000000004 5.629 0.0
36.069 -182.808 5.65 1.0
36.123 -182.809 5.646 2.0
36.123 -182.805 5.669 5.0
35.655 -182.812 5.641 1.0
35.698 -182.816 5.638 2.0
35.659 -182.815 5.664 2.0
35.692 -182.814 5.672 3.0
36.062 -182.808 5.672 4.0
36.18 -182.814 5.663 6.0
36.168 -182.789 5.649 2.0
36.159 -182.786 5.654 3.0
36.18 -182.799 5.645 1.0
36.17500000000001 -182.804 5.673 1.0
36.36 -182.829 5.71 2.0
36.408 -182.83100000000005 5.707 2.0
36.342 -182.803 5.634 1.0
36.303 -182.804 5.656 4.0
36.342 -182.799 5.658 2.0
35.839 -182.82 5.702 5.0
36.42200000000001 -182.80700000000004 5.647 3.0
35.903 -182.82500000000005 5.656 2.0
35.877 -182.826 5.733000000000001 6.0
36.021 -182.828 5.725000000000001 6.0
35.881 -182.80700000000004 5.633 0.0
35.864 -182.812 5.646 2.0
36.118 -182.827 5.721 5.0
36.081 -182.82500000000005 5.792 3.0
35.96 -182.814 5.655 1.0
36.002 -182.812 5.676 4.0
36.555 -182.832 5.701000000000001 2.0
36.606 -182.828 5.701000000000001 1.0
36.543 -182.80700000000004 5.639 2.0
36.507 -182.798 5.626 0.0
36.602 -182.81300000000005 5.634 1.0
36.614 -182.80700000000004 5.68 2.0
36.25 -182.794 5.625 0.0
36.23600000000001 -182.793 5.643 1.0
36.241 -182.811 5.659 5.0
36.263 -182.829 5.714 3.0
36.705 -182.827 5.697 1.0
36.287 -182.805 5.637 2.0
36.285 -182.792 5.641 4.0
36.363 -182.802 5.652 4.0
35.827 -182.833 5.733000000000001 7.0
36.786 -182.805 5.623 1.0
36.07 -182.826 5.724 6.0
36.909 -182.8 5.616000000000001 0.0
36.238 -182.791 5.78 2.0
36.855 -182.827 5.692 2.0
36.507 -182.829 5.704 2.0
36.48 -182.816 5.641 2.0
37.029 -182.782 5.637 3.0
37.0 -182.796 5.646 3.0
36.847 -182.804 5.619 1.0
37.066 -182.868 5.655 1.0
37.122 -182.841 5.64 1.0
37.127 -182.841 5.648 1.0
37.096 -182.797 5.637 2.0
37.107 -182.823 5.684 1.0
37.193 -182.795 5.629 2.0
37.185 -182.784 5.623 4.0
37.159 -182.821 5.683 0.0
35.681 -182.803 6.193000000000001 4.0
36.71 -182.804 5.672 3.0
35.835 -182.803 6.178 1.0
35.74 -182.84900000000002 6.252 0.0
35.814 -182.86 6.253 1.0
36.808 -182.81900000000005 5.695 1.0
35.848 -182.832 6.293 4.0
35.896 -182.833 6.291 2.0
35.993 -182.83100000000005 6.287 1.0
36.134 -182.842 6.279 3.0
36.902 -182.806 5.654 5.0
36.389 -182.797 6.192 2.0
36.256 -182.815 6.253 1.0
36.288 -182.817 6.281 1.0
37.054 -182.829 5.684 1.0
37.207 -182.826 5.68 0.0
37.106 -182.789 5.629 4.0
37.117 -182.787 5.641 3.0
37.135 -182.795 5.655 3.0
37.204 -182.79 5.633 3.0
37.247 -182.80100000000004 5.696 4.0
35.657000000000004 -182.832 6.301 6.0
35.704 -182.835 6.298 7.0
36.528 -182.833 6.269 4.0
35.800000000000004 -182.832 6.295 3.0
36.521 -182.811 6.235 3.0
36.588 -182.809 6.23 2.0
36.088 -182.833 6.283 2.0
36.582 -182.817 6.272 3.0
36.23600000000001 -182.827 6.28 2.0
36.726 -182.83 6.264 2.0
36.823 -182.838 6.259 1.0
36.83 -182.827 6.259 2.0
36.691 -182.809 6.238 0.0
36.694 -182.82 6.258 2.0
36.723 -182.80100000000004 6.222 1.0
36.67 -182.817 6.275 1.0
36.804 -182.8 6.235 0.0
36.918 -182.82 6.205 0.0
36.876 -182.811 6.245 2.0
36.878 -182.823 6.262 1.0
36.91 -182.814 6.227 0.0
37.096 -182.838 6.219 1.0
37.17200000000001 -182.848 6.22 1.0
36.456 -182.806 6.24 3.0
37.132 -182.816 6.259 0.0
37.264 -182.783 5.616000000000001 4.0
37.289 -182.794 5.62 2.0
37.341 -182.791 5.608000000000001 4.0
36.605 -182.816 6.266 2.0
37.337 -182.841 5.645 1.0
36.769 -182.8 6.206 2.0
36.789 -182.803 6.217000000000001 1.0
37.26 -182.82 5.68 1.0
37.273 -182.795 5.707 4.0
37.321 -182.797 5.691 4.0
37.383 -182.769 5.621 4.0
37.417 -182.812 5.678 0.0
37.499 -182.79 5.595 2.0
36.786 -182.809 6.252 2.0
36.778 -182.823 6.265000000000001 2.0
36.853 -182.81300000000005 6.211 1.0
37.019 -182.847 6.252 0.0
37.557 -182.78 5.604 3.0
36.965 -182.817 6.224 0.0
37.463 -182.82500000000005 5.674 1.0
37.23 -182.826 6.254 0.0
37.184 -182.814 6.259 0.0
37.465 -182.809 5.677 2.0
37.454 -182.797 5.692 3.0
37.612 -182.806 5.666 2.0
37.423 -182.779 5.603 2.0
37.573 -182.808 5.675 1.0
37.309 -182.826 5.678 1.0
37.292 -182.785 5.626 4.0
37.276 -182.788 5.642 4.0
37.677 -182.80700000000004 5.673 0.0
37.731 -182.803 5.673 1.0
37.685 -182.795 5.701000000000001 1.0
37.763 -182.793 5.656 2.0
37.817 -182.80100000000004 5.662 3.0
37.832 -182.81 5.668 0.0
37.836 -182.794 5.65 1.0
37.837 -182.797 5.662 2.0
37.365 -182.81300000000005 5.679 1.0
37.394 -182.797 5.685 3.0
37.362 -182.802 5.699 4.0
37.468 -182.784 5.611 3.0
37.78 -182.81 5.67 1.0
37.94 -182.804 5.668 0.0
37.903 -182.797 5.693000000000001 4.0
37.957 -182.80100000000004 5.691 6.0
37.647 -182.772 5.598 2.0
38.093 -182.835 5.673 4.0
38.194 -182.834 5.668 4.0
37.622 -182.846 5.642 0.0
38.126 -182.795 5.687 7.0
37.521 -182.809 5.676 0.0
37.539 -182.805 5.672 2.0
37.543 -182.808 5.684 3.0
38.181 -182.796 5.685 6.0
38.176 -182.79 5.697 4.0
38.199 -182.772 5.688 2.0
37.62 -182.818 5.671 0.0
37.634 -182.804 5.677 2.0
37.63 -182.796 5.702 1.0
38.401 -182.842 5.66 3.0
37.823 -182.762 5.572 1.0
38.342 -182.791 5.683 3.0
38.30000000000001 -182.77 5.679 2.0
38.348 -182.8 5.68 6.0
37.884 -182.81 5.667 0.0
37.847 -182.80100000000004 5.694 4.0
38.457 -182.80700000000004 5.676 1.0
37.992 -182.804 5.667 0.0
38.014 -182.798 5.69 5.0
38.007 -182.802 5.709000000000001 4.0
38.516 -182.802 5.675 1.0
38.575 -182.823 5.671 3.0
38.575 -182.797 5.675 2.0
38.071 -182.794 5.689 7.0
38.707 -182.878 5.611 3.0
38.1 -182.767 5.697 2.0
38.705 -182.827 5.646 2.0
38.693 -182.788 5.675 2.0
38.676 -182.791 5.685 2.0
38.238 -182.793 5.685 6.0
38.737 -182.793 5.683 3.0
38.746 -182.798 5.671 2.0
38.295 -182.791 5.684 7.0
37.413 -182.816 6.207 0.0
37.277 -182.835 6.251 0.0
37.332 -182.826 6.253 1.0
38.405 -182.798 5.679 3.0
37.432 -182.83 6.25 0.0
37.268 -182.82 6.283 0.0
37.527 -182.816 6.203 0.0
37.591 -182.796 6.206 1.0
37.527 -182.81900000000005 6.267 0.0
38.596 -182.774 5.666 1.0
37.462 -182.822 6.271 0.0
38.631 -182.799 5.673 3.0
37.646 -182.812 6.253 1.0
38.692 -182.83100000000005 5.667 2.0
37.703 -182.80100000000004 6.201000000000001 3.0
37.796 -182.82500000000005 6.247 0.0
37.697 -182.815 6.251 1.0
37.663 -182.799 6.264 3.0
38.802 -182.80100000000004 5.669 2.0
38.80000000000001 -182.792 5.68 3.0
37.934 -182.798 6.194 4.0
37.86 -182.798 6.253 3.0
37.91 -182.804 6.252 0.0
37.927 -182.792 6.25 3.0
37.993 -182.791 6.247 3.0
38.054 -182.786 6.194 4.0
38.225 -182.795 6.187 3.0
37.579 -182.759 6.16 2.0
38.058 -182.794 6.243 2.0
38.13 -182.778 6.242 2.0
37.594 -182.812 6.253 1.0
38.159 -182.769 6.252 1.0
38.353 -182.834 6.208 2.0
37.648 -182.794 6.204 2.0
38.426 -182.829 6.207 2.0
37.761 -182.8 6.199 3.0
38.286 -182.788 6.187 4.0
38.346 -182.786 6.186 4.0
37.747 -182.818 6.25 0.0
37.726 -182.809 6.258 3.0
38.407 -182.78 6.186 5.0
38.326 -182.785 6.23 2.0
38.464 -182.785 6.183 4.0
37.975 -182.824 6.207 3.0
38.575 -182.821 6.205 2.0
38.628 -182.76 6.204 2.0
38.529 -182.779 6.221 0.0
38.201 -182.829 6.207 3.0
38.465 -182.754 6.228 3.0
38.726 -182.82 6.205 2.0
38.82 -182.787 6.175 4.0
38.193 -182.785 6.237 1.0
38.256 -182.796 6.231 1.0
38.26 -182.77 6.243 3.0
38.497 -182.816 6.204 2.0
38.652 -182.826 6.206 2.0
38.661 -182.785 6.213 0.0
38.863 -182.794 5.67 2.0
38.863 -182.791 5.678 4.0
38.982 -182.787 5.669 2.0
39.04 -182.787 5.668 1.0
39.098 -182.788 5.667 2.0
39.052 -182.789 5.672 4.0
39.158 -182.785 5.666 1.0
39.325 -182.821 5.62 1.0
39.34 -182.775 5.666 1.0
39.292 -182.778 5.682 4.0
39.394 -182.784 5.663 1.0
39.433 -182.787 5.659 8.0
39.365 -182.774 5.679 4.0
39.458 -182.781 5.61 4.0
39.447 -182.796 5.659 17.0
39.48300000000001 -182.79 5.655 0.0
39.502 -182.778 5.659 3.0
39.505 -182.781 5.669 4.0
39.517 -182.777 5.663 1.0
39.603 -182.782 5.656 0.0
39.631 -182.777 5.655 6.0
39.637 -182.775 5.662 4.0
39.583 -182.767 5.668 9.0
38.99 -182.785 5.675 4.0
39.197 -182.758 5.586 3.0
39.12 -182.778 5.672 5.0
39.216 -182.786 5.665 2.0
39.312 -182.77 5.576000000000001 2.0
39.505 -182.731 5.741000000000001 3.0
39.29400000000001 -182.839 5.636 0.0
39.243 -182.785 5.666 4.0
39.274 -182.787 5.664 1.0
39.362 -182.78 5.969 3.0
39.373 -182.779 5.663 3.0
39.694 -182.759 5.62 1.0
39.744 -182.77 5.618 1.0
39.441 -182.815 5.69 3.0
39.652 -182.775 5.663 10.0
39.436 -182.774 5.675 10.0
39.66900000000001 -182.768 5.66 0.0
39.575 -182.771 5.614 1.0
39.748 -182.78 5.673 3.0
39.564 -182.783 5.656 3.0
39.573 -182.783 5.661 2.0
39.636 -182.771 5.649 0.0
39.367 -182.727 5.754 3.0
39.693 -182.783 5.652 5.0
39.694 -182.782 5.66 3.0
39.73900000000001 -182.781 5.651 1.0
39.694 -182.766 5.653 0.0
39.757 -182.785 5.65 3.0
39.757 -182.778 5.66 2.0
39.746 -182.804 5.744 5.0
39.424 -182.83100000000005 6.211 0.0
39.429 -182.783 6.166 3.0
39.619 -182.774 6.166 3.0
39.743 -182.775 6.164 2.0
39.759 -182.76 6.228 1.0
38.94 -182.786 6.173 4.0
39.122 -182.786 6.17 3.0
39.365 -182.789 6.165 1.0
39.48 -182.78 6.177 0.0
39.551 -182.786 6.164 10.0
39.682 -182.773 6.166 2.0
39.867 -182.777 6.163 1.0
40.208 -182.219 6.118 3.0
40.202 -182.266 6.135 4.0
40.234 -182.208 6.12 1.0
40.209 -182.066 6.059 1.0
40.219 -181.742 6.069 2.0
40.22 -181.33100000000005 5.994 1.0
40.223 -181.34 6.008 3.0
40.105 -181.496 6.096 1.0
40.179 -181.449 6.054 2.0
40.204 -181.256 6.013 2.0
40.186 -181.311 6.056 3.0
40.187 -181.22400000000002 6.032 3.0
40.188 -181.20600000000005 6.048 2.0
40.188 -181.18 6.032 1.0
40.217 -180.848 5.873 1.0
40.262 -182.247 6.11 0.0
40.2 -181.503 6.008 2.0
40.137 -181.455 6.112 6.0
40.2 -182.155 6.134 1.0
40.11400000000001 -181.346 6.066 2.0
40.182 -181.423 6.072 4.0
40.204 -182.126 6.138 2.0
40.203 -182.088 6.148 2.0
40.201 -181.322 6.057 4.0
40.202 -181.604 6.127 1.0
40.18 -181.435 6.16 1.0
40.203 -180.954 5.845 1.0
40.218 -180.95000000000005 5.848 0.0
40.218 -180.743 5.821 0.0
40.222 -180.756 5.857 1.0
40.201 -182.32500000000005 6.129 3.0
40.201 -182.038 6.164 1.0
40.181 -181.955 6.183 0.0
40.207 -181.037 6.129 1.0
40.128 -180.36 5.683 8.0
40.136 -180.378 5.695 7.0
40.23300000000001 -180.373 5.684 5.0
40.193 -180.381 5.695 6.0
40.244 -180.393 5.693000000000001 3.0
39.975 -180.137 5.588 7.0
39.945 -180.315 5.689 1.0
39.982 -180.32 5.711 13.0
39.97 -180.217 5.716 9.0
40.04700000000001 -180.31300000000005 5.693000000000001 11.0
40.041 -180.306 5.692 10.0
40.043 -180.266 5.704 14.0
40.052 -180.27 5.704 13.0
40.043 -180.236 5.713 9.0
40.225 -180.302 5.684 10.0
40.213 -180.306 5.697 9.0
40.041 -180.204 5.704 9.0
40.058 -180.153 5.703 9.0
40.182 -180.179 5.629 10.0
40.139 -180.143 5.637 13.0
40.24 -180.314 5.672 7.0
40.10800000000001 -180.046 5.54 11.0
40.045 -180.33700000000005 5.703 15.0
40.056 -180.062 5.657 11.0
40.152 -180.338 5.674 12.0
40.124 -180.106 5.671 17.0
40.243 -180.36 5.668 9.0
40.048 -179.961 5.68 9.0
40.257 -179.936 5.668 0.0
39.956 -180.372 5.868 3.0
40.123 -180.324 5.689 13.0
40.092 -180.306 5.696 8.0
40.229 -180.615 5.852 0.0
40.144 -180.321 5.692 13.0
40.24 -180.628 5.850000000000001 0.0
40.045 -180.33700000000005 5.762 7.0
40.113 -180.385 5.815 15.0
40.194 -180.382 5.745 14.0
40.215 -180.382 5.808 14.0
40.104 -180.39 5.851 11.0
40.094 -180.07500000000005 5.603 16.0
40.082 -180.361 5.825 15.0
40.077 -180.361 5.908 11.0
40.237 -180.406 5.864 5.0
40.176 -180.347 5.893 7.0
40.157 -180.377 5.9 16.0
40.182 -180.366 5.913 3.0
40.253 -180.443 5.743 2.0
40.084 -180.094 5.669 9.0
40.255 -180.399 5.841 6.0
40.143 -180.068 5.666 6.0
40.148 -180.385 5.92 15.0
40.201 -180.345 5.942 3.0
40.16900000000001 -180.34300000000005 6.002 4.0
39.936 -180.341 5.899 1.0
40.033 -180.134 5.798 9.0
40.036 -180.289 5.834000000000001 7.0
39.969 -180.248 5.889 7.0
39.961 -180.227 5.839 6.0
40.091 -180.367 5.735 14.0
40.095 -180.368 5.767 20.0
40.038 -180.161 5.899 8.0
40.188 -180.371 5.727 13.0
40.025 -180.096 5.749000000000001 9.0
40.039 -180.085 5.748 7.0
40.021 -180.097 5.763 9.0
40.025 -180.045 5.77 8.0
40.015 -179.965 5.737 8.0
40.026 -179.979 5.746 7.0
40.027 -180.009 5.772 11.0
40.129 -180.373 5.834000000000001 12.0
40.11100000000001 -180.387 5.871 12.0
40.182 -180.389 5.847 13.0
40.17800000000001 -180.387 5.869 21.0
40.237 -180.39 5.892 10.0
40.195 -180.4 5.908 16.0
40.003 -179.95600000000005 5.799 9.0
40.024 -180.132 5.858000000000001 9.0
40.184 -180.445 6.007000000000001 1.0
39.98300000000001 -180.091 5.876 8.0
40.083 -180.346 6.016 1.0
40.168 -180.393 5.993 1.0
40.045 -180.262 5.733000000000001 17.0
40.04 -180.253 5.724 8.0
40.04400000000001 -180.181 5.725000000000001 9.0
40.011 -180.297 5.751 7.0
40.051 -180.329 5.866000000000001 8.0
40.034 -180.273 5.787 7.0
40.034 -180.166 5.731 7.0
40.031 -180.175 5.744 7.0
39.998 -180.321 5.881 6.0
39.962 -180.138 5.918 3.0
40.102 -180.05700000000004 5.959000000000001 3.0
40.102 -180.012 5.962 2.0
40.025 -180.027 5.736 7.0
40.028 -179.999 5.769 8.0
40.112 -179.929 5.563 41.0
40.093 -179.924 5.624000000000001 11.0
40.091 -179.912 5.621 12.0
40.056 -179.899 5.68 13.0
40.079 -179.895 5.682 6.0
40.084 -179.887 5.713 11.0
40.085 -179.879 5.703 28.0
39.956 -180.058 5.857 6.0
40.018 -179.894 5.749000000000001 20.0
40.032 -179.896 5.757000000000001 3.0
40.039 -179.878 5.843 7.0
40.133 -179.885 5.757000000000001 20.0
40.065 -179.897 5.795 12.0
40.164 -179.881 5.743 20.0
40.17 -179.891 5.777 10.0
40.113 -180.203 5.962 3.0
40.074 -179.881 5.849 24.0
40.165 -179.951 6.014 4.0
40.11 -179.912 5.916 4.0
40.075 -179.898 5.663 31.0
40.079 -179.904 5.668 12.0
40.138 -179.91 5.677 8.0
40.17800000000001 -179.865 5.624000000000001 0.0
40.174 -179.869 5.661 3.0
40.115 -179.922 5.932 1.0
40.15 -179.403 5.943000000000001 4.0
40.162 -179.418 6.034 1.0
40.021 -179.933 5.792 10.0
40.019 -179.89 5.773 9.0
40.024 -179.899 5.793 3.0
40.021 -179.908 5.811 8.0
40.018 -179.921 5.832 4.0
40.032 -179.896 5.831 17.0
40.016 -178.893 5.676 0.0
40.184 -179.877 5.788 12.0
40.109 -178.959 5.884 4.0
40.167 -179.879 5.824 17.0
40.06 -178.96800000000005 5.927 1.0
40.12 -178.54 5.943000000000001 2.0
40.131 -179.334 5.96 1.0
40.135 -179.31900000000005 5.959000000000001 0.0
40.157 -179.223 5.958 2.0
40.02 -178.935 5.741000000000001 14.0
40.134 -179.03 5.906 4.0
40.183 -178.913 5.807 0.0
40.127 -178.646 5.86 1.0
40.116 -178.574 5.999000000000001 3.0
40.094 -177.259 5.879 1.0
40.023 -176.918 5.876 1.0
40.094 -177.104 5.928 0.0
39.996 -176.393 5.873 1.0
40.082 -176.621 5.861 0.0
40.066 -176.389 5.823 1.0
40.065 -176.222 5.862 1.0
39.976 -175.20600000000005 5.812 1.0
39.994 -175.204 5.821 1.0
40.103 -177.515 5.876 1.0
40.067 -175.385 5.857 1.0
40.057 -175.22 5.859 1.0
40.031 -174.855 5.848 2.0
40.042 -174.952 5.824 1.0
40.042 -174.89 5.908 1.0
39.959 -174.736 5.849 2.0
40.092 -177.08700000000005 5.915 1.0
40.083 -176.834 5.867 1.0
40.014 -176.515 5.877 2.0
40.073 -176.493 5.888 2.0
40.043 -176.407 5.908 0.0
40.042 -174.436 5.799 0.0
40.041 -174.423 5.803 1.0
40.062 -176.181 5.846 1.0
40.075 -176.088 5.855 1.0
40.019 -174.336 5.821 2.0
39.947 -174.054 5.823 1.0
40.04 -173.979 5.79 0.0
40.06 -176.001 5.876 1.0
39.995 -173.703 5.84 2.0
39.93 -173.523 5.839 1.0
40.005 -173.287 5.786 1.0
39.985 -173.30100000000004 5.87 2.0
40.0 -172.977 5.809 1.0
39.98900000000001 -173.101 5.846 2.0
39.988 -173.042 5.848 1.0
40.043 -174.857 5.850000000000001 1.0
39.99 -172.83700000000005 5.823 2.0
39.969 -172.553 5.81 1.0
39.898 -172.481 5.828 1.0
39.963 -172.002 5.79 2.0
39.976 -171.987 5.782 2.0
39.961 -171.9 5.803 1.0
39.954 -171.796 5.802 2.0
40.018 -174.281 5.839 1.0
40.011 -174.07 5.845 2.0
40.003 -173.981 5.867 0.0
40.017 -173.558 5.809 2.0
39.988 -173.214 5.804 2.0
40.002 -173.163 5.821 2.0
39.98 -172.827 5.838 2.0
39.991 -172.511 5.791 2.0
39.99 -172.284 5.824 0.0
39.972 -171.824 5.756 2.0
39.963 -171.441 5.807 1.0
39.878 -171.403 5.82 1.0
39.899 -169.70000000000005 5.756 1.0
39.898 -169.708 5.767 1.0
39.915 -169.721 5.805 0.0
39.844 -169.425 5.806 1.0
39.905 -169.126 5.805 1.0
39.888 -169.038 5.825 1.0
39.87 -168.228 5.807 0.0
39.926 -170.271 5.816 2.0
39.816 -167.995 5.8 2.0
39.873 -168.059 5.812 1.0
39.92 -170.064 5.807 1.0
39.901 -169.214 5.81 1.0
39.903 -169.114 5.806 2.0
39.882 -167.95600000000005 5.795 2.0
39.866 -167.714 5.826000000000001 2.0
39.853 -167.714 5.862 0.0
39.86400000000001 -167.368 5.781 2.0
39.785 -167.141 5.816 1.0
39.854 -166.981 5.776 0.0
39.843 -167.055 5.833 1.0
39.839 -166.952 5.792 1.0
39.849 -166.888 5.799 2.0
39.84 -166.597 5.798 1.0
39.836 -166.45000000000005 5.83 0.0
39.85800000000001 -166.377 5.816 1.0
39.869 -167.877 5.814 1.0
39.86400000000001 -167.643 5.804 1.0
39.814 -165.615 5.826000000000001 2.0
39.808 -165.358 5.764 1.0
39.804 -165.271 5.811 1.0
39.751 -165.228 5.827 1.0
39.866 -167.068 5.767 1.0
39.813 -165.094 5.843 2.0
39.819 -165.004 5.827 1.0
39.804 -166.542 5.79 1.0
39.83 -166.215 5.834000000000001 1.0
39.828 -166.046 5.791 2.0
39.754 -165.371 5.805 1.0
39.742 -165.021 5.86 1.0
39.796 -164.646 5.81 2.0
39.782 -164.556 5.832 0.0
39.775 -164.129 5.797 2.0
39.789 -164.03 5.826000000000001 1.0
39.776 -163.13 5.821 1.0
39.756 -163.034 5.843 1.0
39.767 -163.015 5.833 0.0
39.731 -161.843 5.849 1.0
39.73 -161.83100000000005 5.862 1.0
39.689 -161.817 5.882000000000001 0.0
39.725 -164.59 5.858000000000001 1.0
39.798 -164.529 5.829 1.0
39.666 -159.51 5.989 0.0
39.67200000000001 -159.451 5.962 0.0
39.786 -163.928 5.827 1.0
39.764 -163.102 5.877 2.0
39.754 -162.648 5.846 1.0
39.639 -160.867 5.857 1.0
39.715 -160.88 5.898 1.0
39.676 -159.715 5.944 1.0
39.682 -159.537 5.939 1.0
39.606 -158.321 5.972 1.0
39.656 -158.352 5.978 1.0
39.655 -158.358 5.987 1.0
39.63 -157.032 6.009 1.0
39.624 -156.936 6.034 1.0
39.612 -156.3 6.056 1.0
39.58 -155.562 6.105 2.0
39.57 -155.56300000000005 6.109 2.0
39.53 -155.123 6.068000000000001 1.0
39.574 -155.127 6.101 1.0
39.554 -154.173 6.164 1.0
39.553 -154.14 6.15 1.0
39.539 -153.747 6.198 2.0
39.631 -158.117 6.042 1.0
39.648 -158.193 6.023 1.0
39.612 -157.009 6.05 1.0
39.61 -156.368 6.052 1.0
39.584 -155.649 6.087 1.0
39.589 -155.648 6.082 1.0
39.559 -155.05100000000004 6.137 1.0
39.546 -154.20000000000005 6.173 3.0
39.497 -153.027 6.152 1.0
