42.711 0.97 -2.596 8.0
42.646 1.015 -2.593 4.0
42.668 0.997 -2.562 4.0
42.702 1.008 -2.595 5.0
42.728 0.982 -2.571 4.0
42.766 1.004 -2.6 8.0
42.656 1.015 -2.544 5.0
42.632 1.009 -2.457 5.0
42.779 1.021 -2.541 5.0
42.79400000000001 0.988 -2.543 4.0
42.793 1.009 -2.517 5.0
42.802 1.005 -2.503 4.0
42.603 1.005 -2.392 4.0
42.591 1.026 -2.377 7.0
42.585 1.016 -2.356 5.0
42.61400000000001 1.005 -2.285 4.0
42.584 1.016 -2.264 6.0
42.695 1.012 -2.451 5.0
42.683 1.017 -2.442 6.0
42.7 1.004 -2.407 7.0
42.701 1.007 -2.405 5.0
42.682 1.009 -2.369 5.0
42.721 1.025 -2.337 8.0
42.61400000000001 1.014 -2.212 4.0
42.638 1.007 -2.243 5.0
42.655 1.012 -2.202 5.0
42.662 1.009 -2.173 5.0
42.795 1.012 -2.573 6.0
42.7 0.991 -2.53 5.0
42.713 1.024 -2.509 5.0
42.695 0.994 -2.49 5.0
42.695 1.003 -2.456 6.0
42.627 1.025 -2.428 6.0
42.587 1.003 -2.332 5.0
42.59 1.006 -2.319 4.0
42.601 1.002 -2.306 4.0
42.643 1.021 -2.449 5.0
42.63 1.005 -2.422 5.0
42.579 1.019 -2.214 6.0
42.573 1.025 -2.191 5.0
42.685 1.008 -2.164 6.0
42.852 0.981 -2.574 4.0
42.852 1.022 -2.553 5.0
42.985 1.014 -2.567 6.0
42.915 1.021 -2.517 6.0
43.005 1.009 -2.528 5.0
43.013 1.011 -2.503 6.0
43.10800000000001 1.009 -2.585 5.0
43.122 1.017 -2.582 6.0
43.086 1.024 -2.563 5.0
43.037 1.019 -2.517 7.0
43.116 1.022 -2.541 4.0
42.907 1.026 -2.439 12.0
42.994 1.012 -2.602 5.0
42.896 1.013 -2.588 7.0
42.902 0.999 -2.557 4.0
42.921 1.026 -2.499 8.0
43.687 1.008 -2.581 8.0
41.924 1.576 -2.548 3.0
42.021 1.682 -2.255 7.0
42.029 1.789 -2.28 3.0
42.023 1.446 -2.157 7.0
41.993 1.585 -2.238 6.0
41.98900000000001 1.575 -2.203 2.0
42.017 1.563 -2.196 3.0
42.022 1.579 -2.2 3.0
42.001 1.61 -2.193 3.0
42.014 1.598 -2.173 1.0
42.022 1.582 -2.16 1.0
42.015 1.617 -2.167 2.0
41.999 1.647 -2.241 4.0
42.03 1.626 -2.259 4.0
42.008 1.718 -2.171 3.0
41.967 1.768 -2.238 4.0
42.011 1.737 -2.252 5.0
42.025 1.748 -2.245 4.0
41.963 1.784 -2.231 4.0
41.995 1.743 -2.192 4.0
42.008 1.737 -2.196 5.0
42.011 1.516 -2.206 2.0
42.022 1.516 -2.198 3.0
42.031 1.514 -2.164 1.0
42.003 1.551 -2.204 3.0
41.977 1.703 -2.239 5.0
42.002 1.666 -2.195 4.0
42.008 1.656 -2.192 4.0
42.002 1.671 -2.163 4.0
41.987 1.798 -2.246 5.0
41.995 1.797 -2.192 7.0
41.98900000000001 1.796 -2.186 9.0
42.029 1.904 -2.313 3.0
42.016 1.849 -2.279 3.0
42.021 1.834 -2.27 5.0
41.997 1.876 -2.28 3.0
42.011 1.913 -2.279 3.0
42.019 1.881 -2.267 6.0
42.019 2.091 -2.309 4.0
42.013 2.095 -2.312 3.0
41.981 2.026 -2.256 5.0
41.992 2.068 -2.278 4.0
41.998 2.042 -2.277 4.0
42.002 2.096 -2.273 4.0
41.995 2.108 -2.277 3.0
42.013 1.929 -2.265 5.0
42.005 1.963 -2.275 4.0
42.011 1.982 -2.279 4.0
41.991 1.978 -2.26 5.0
41.979 2.391 -2.268 3.0
42.021 2.377 -2.292 11.0
42.022 2.131 -2.295 5.0
41.998 2.18 -2.278 3.0
42.03 2.184 -2.293 5.0
42.006 2.219 -2.272 4.0
42.003 1.844 -2.246 7.0
41.991 1.83 -2.237 5.0
41.994 1.858 -2.239 4.0
41.95 1.901 -2.236 3.0
41.98600000000001 1.902 -2.241 5.0
41.971 1.832 -2.187 4.0
41.97 1.904 -2.184 3.0
41.988 2.005 -2.237 5.0
41.982 2.02 -2.182 5.0
42.023 2.244 -2.29 5.0
42.013 2.261 -2.281 4.0
42.001 2.235 -2.277 4.0
41.967 2.074 -2.252 4.0
41.98 2.12 -2.252 7.0
41.98300000000001 2.079 -2.233 4.0
41.99 2.107 -2.231 5.0
41.987 2.072 -2.18 4.0
41.949 2.091 -2.2 3.0
42.009 2.117 -2.181 8.0
41.96 2.205 -2.24 4.0
41.978 2.213 -2.247 7.0
41.95 2.207 -2.223 3.0
41.99 1.854 -2.189 7.0
41.971 2.215 -2.225 4.0
42.001 2.175 -2.233 4.0
41.996 2.182 -2.229 5.0
41.995 1.907 -2.188 5.0
41.984 1.949 -2.236 4.0
41.98300000000001 1.955 -2.239 4.0
41.985 1.957 -2.235 4.0
42.004 1.95 -2.186 3.0
41.98900000000001 1.963 -2.185 5.0
41.945 2.044 -2.236 4.0
41.973 2.04 -2.232 4.0
41.977 2.06 -2.233 5.0
41.956 2.054 -2.178 3.0
41.97 2.073 -2.175 8.0
41.952 2.125 -2.238 4.0
41.973 2.167 -2.249 7.0
42.017 2.167 -2.18 5.0
41.93 2.235 -2.198 2.0
41.99 2.258 -2.247 7.0
42.009 2.223 -2.209 1.0
42.006 2.254 -2.227 4.0
41.98600000000001 2.261 -2.225 5.0
41.957 2.278 -2.24 3.0
41.955 2.317 -2.222 2.0
42.018 2.324 -2.226 4.0
41.997 2.36 -2.221 5.0
41.964 2.376 -2.222 2.0
42.028 2.441 -2.243 6.0
42.007 2.458 -2.218 6.0
42.029 2.502 -2.218 3.0
42.009 2.283 -2.231 4.0
41.98600000000001 2.312 -2.222 5.0
41.96 2.368 -2.22 3.0
42.023 2.395 -2.244 5.0
42.025 2.38 -2.231 3.0
42.004 2.408 -2.22 5.0
43.976 1.187 -2.651 4.0
45.09 1.507 -2.707 7.0
44.886 1.685 -2.703 6.0
45.046 1.628 -2.701 7.0
43.898 1.593 -2.652 6.0
45.028 1.765 -2.698 6.0
44.929 1.06 -2.686 6.0
44.773 1.807 -2.702 2.0
44.209 2.008 -2.681 2.0
44.913 1.601 -2.705 6.0
45.08 2.167 -2.686 11.0
45.134 2.21 -2.689 11.0
44.272 2.17 -2.689 9.0
44.434 2.585 -2.71 1.0
44.985 2.235 -2.725 5.0
44.213 2.847 -2.683 8.0
44.245 2.895 -2.684 8.0
44.269 2.946 -2.685 8.0
44.335 3.043 -2.689 9.0
45.59 1.495 -2.733 4.0
45.504 1.552 -2.725 5.0
45.599 1.607 -2.738 7.0
45.301 1.723 -2.723 5.0
45.409 1.822 -2.729 6.0
45.567 1.745 -2.733 6.0
45.875 1.78 -2.738 3.0
46.195 1.116 -2.735 6.0
46.403 1.109 -2.707 5.0
46.23 1.197 -2.75 5.0
46.269 1.214 -2.689 5.0
46.372 1.258 -2.722 5.0
46.386 1.271 -2.706 4.0
46.384 1.232 -2.673 5.0
45.616 1.539 -2.74 7.0
46.386 1.25 -2.654 5.0
46.388 1.268 -2.66 5.0
46.288 1.391 -2.693 4.0
46.373 1.281 -2.677 5.0
46.36400000000001 1.344 -2.721 4.0
46.357 1.361 -2.701 6.0
46.399 1.338 -2.7 5.0
45.346 1.78 -2.725 6.0
46.4 1.408 -2.677 4.0
46.391 1.393 -2.659 4.0
46.575 1.11 -2.674 7.0
46.478 1.194 -2.715 5.0
46.48600000000001 1.205 -2.713 6.0
46.482 1.185 -2.683 5.0
45.885 1.764 -2.697 6.0
46.49200000000001 1.218 -2.66 6.0
46.607 1.205 -2.727 6.0
46.487 1.247 -2.729 5.0
46.363 1.203 -2.698 5.0
46.444 1.298 -2.717 1.0
46.465 1.304 -2.725 5.0
46.448 1.278 -2.695 5.0
46.464 1.376 -2.704 5.0
46.458 1.407 -2.703 5.0
46.481 1.393 -2.697 5.0
46.48300000000001 1.411 -2.696 5.0
46.715 1.232 -2.769 5.0
46.353 1.378 -2.672 3.0
46.421 1.137 -2.77 6.0
46.427 1.197 -2.66 5.0
46.385 1.468 -2.704 6.0
46.381 1.641 -2.703 7.0
46.586 1.495 -2.777 5.0
46.463 1.606 -2.762 7.0
46.58 1.186 -2.681 5.0
46.60800000000001 1.181 -2.697 5.0
46.735 1.212 -2.742 5.0
46.59 1.434 -2.705 6.0
46.594 1.437 -2.704 6.0
46.465 1.237 -2.732 4.0
46.444 1.237 -2.713 5.0
46.642 1.446 -2.738 5.0
46.633 1.433 -2.695 7.0
46.726 1.43 -2.724 6.0
46.726 1.434 -2.714 6.0
46.753 1.442 -2.705 6.0
46.441 1.27 -2.652 6.0
46.466 1.352 -2.716 5.0
46.516 1.399 -2.734 5.0
46.503 1.404 -2.727 5.0
46.529 1.404 -2.73 5.0
46.814 1.382 -2.757 5.0
46.466 1.732 -2.753 3.0
46.466 1.742 -2.759 7.0
46.715 1.702 -2.784 4.0
46.68 1.705 -2.769 1.0
45.6 1.843 -2.738 6.0
45.596 1.953 -2.741 8.0
46.396 1.563 -2.706 7.0
46.366 1.719 -2.701 6.0
46.449 1.534 -2.761 6.0
45.662 1.994 -2.745 8.0
46.558 1.433 -2.711 6.0
45.722 2.041 -2.749 8.0
46.682 1.432 -2.722 6.0
46.701 1.452 -2.683 7.0
45.392 2.435 -2.704 10.0
45.449 2.445 -2.756 9.0
46.791 1.787 -2.788 5.0
45.509 2.52 -2.712 7.0
45.961 2.227 -2.763 8.0
45.694 2.613 -2.772 7.0
46.048 1.908 -2.706 8.0
45.967 1.89 -2.744 4.0
45.681000000000004 2.053 -2.749 8.0
45.848 2.129 -2.757 8.0
46.293 2.122 -2.767 6.0
46.271 2.168 -2.786 5.0
46.4 2.202 -2.774 6.0
46.298 2.083 -2.721 11.0
46.42 1.824 -2.756 5.0
46.512 1.826 -2.764 7.0
45.342 2.389 -2.701 10.0
46.55300000000001 1.843 -2.758 4.0
46.606 1.978 -2.768 6.0
46.659 1.919 -2.766 5.0
46.618 2.002 -2.775 11.0
46.709 2.04 -2.775 6.0
45.577 2.558 -2.716 8.0
46.719 2.177 -2.786 11.0
46.066 1.986 -2.751 5.0
46.695 2.134 -2.747 7.0
46.351 2.297 -2.793 8.0
46.366 2.287 -2.792 3.0
46.308 2.182 -2.788 8.0
46.234 2.04 -2.717 11.0
46.269 2.457 -2.782 7.0
46.503 2.289 -2.781 6.0
46.536 2.269 -2.735 11.0
46.725 2.261 -2.751 7.0
46.709 2.414 -2.745 8.0
46.6 1.854 -2.734 6.0
46.807 1.868 -2.773 10.0
46.541 2.204 -2.723 8.0
46.67800000000001 2.093 -2.782 11.0
46.758 2.467 -2.747 7.0
47.186 1.154 -2.753 6.0
47.174 1.182 -2.752 7.0
47.038 1.167 -2.742 6.0
47.052 1.167 -2.743 7.0
46.026 2.27 -2.767 8.0
46.991 1.273 -2.769 6.0
46.82 1.301 -2.723 4.0
47.065 1.332 -2.775 6.0
47.11700000000001 1.416 -2.777 5.0
47.279 1.224 -2.76 6.0
46.693 2.293 -2.771 2.0
47.258 1.249 -2.758 6.0
47.375 1.247 -2.794 6.0
46.839 1.549 -2.695 6.0
48.408 1.354 -2.773 6.0
48.124 1.681 -2.81 2.0
48.204 1.744 -2.816 5.0
46.527 2.523 -2.781 5.0
47.042 1.132 -2.751 5.0
46.924 1.964 -2.78 11.0
47.007 2.004 -2.786 12.0
47.135 1.864 -2.696 10.0
47.034 2.03 -2.811 7.0
47.119 2.104 -2.792 12.0
47.244 1.945 -2.754 8.0
47.288 2.036 -2.758 11.0
47.411 2.124 -2.713 11.0
46.821 2.513 -2.751 8.0
47.391 2.226 -2.768 11.0
47.429 2.349 -2.81 11.0
47.513 2.5 -2.779 8.0
47.781 1.909 -2.799 5.0
47.78 1.901 -2.775 6.0
46.899 1.436 -2.673 3.0
47.73 2.005 -2.783 6.0
48.127 1.161 -2.757 7.0
48.131 1.675 -2.785 7.0
46.85800000000001 1.886 -2.792 5.0
47.837 2.059 -2.818 5.0
47.814 2.189 -2.825 12.0
47.206 1.857 -2.751 7.0
48.004 2.166 -2.83 8.0
47.189 1.916 -2.699 11.0
48.324 1.917 -2.822 6.0
48.333 1.987 -2.809 7.0
48.392 2.056 -2.813 8.0
47.74 2.275 -2.814 8.0
47.76 2.32 -2.81 7.0
47.872 2.244 -2.829 12.0
47.98300000000001 2.245 -2.799 7.0
47.353 2.072 -2.71 12.0
47.862 2.419 -2.821 8.0
47.359 2.302 -2.806 11.0
47.442 2.321 -2.773 11.0
47.972 2.357 -2.834 11.0
47.474 2.404 -2.812 11.0
47.556000000000004 2.435 -2.835 7.0
47.924 2.49 -2.825 7.0
47.939 2.475 -2.821 6.0
47.995000000000005 2.553 -2.83 7.0
47.648 2.025 -2.815 11.0
48.061 2.334 -2.804 7.0
48.25 2.368 -2.829 6.0
47.832 2.078 -2.788 7.0
48.04 2.479 -2.836 4.0
48.065 2.616 -2.834 7.0
48.276 1.915 -2.806 7.0
48.408 2.426 -2.846 7.0
48.398 1.987 -2.827 7.0
47.80300000000001 2.345 -2.818 7.0
47.918 2.301 -2.831 11.0
47.846 2.402 -2.815 6.0
45.935 2.787 -2.787 7.0
45.843 2.716 -2.735 7.0
48.065 2.244 -2.833 8.0
48.14 2.307 -2.838 7.0
48.018 2.416 -2.836 11.0
48.341 2.362 -2.842 8.0
45.783 2.673 -2.731 7.0
46.176 2.979 -2.711 5.0
46.13 2.988 -2.661 2.0
46.277 2.904 -2.71 5.0
46.396 2.902 -2.726 8.0
46.374 2.897 -2.707 6.0
46.237 2.945 -2.658 5.0
46.248 2.95 -2.666 5.0
46.245 2.955 -2.654 4.0
46.26 2.969 -2.66 4.0
46.286 2.925 -2.695 5.0
46.299 2.952 -2.69 5.0
46.33 2.953 -2.691 5.0
46.54 2.627 -2.799 7.0
46.433 2.775 -2.808 3.0
46.466 2.771 -2.805 5.0
46.472 2.892 -2.753 7.0
46.528 2.91 -2.743 9.0
46.53 3.013 -2.704 13.0
46.195 3.054 -2.755 7.0
46.336 2.919 -2.737 6.0
46.352 2.898 -2.729 9.0
46.209 3.089 -2.798 7.0
46.314 2.979 -2.732 5.0
46.152 3.101 -2.711 2.0
46.23600000000001 3.0 -2.694 5.0
46.267 3.013 -2.693 4.0
46.255 3.099 -2.758 7.0
46.237 3.01 -2.672 5.0
46.261 3.137 -2.801 7.0
46.366 3.099 -2.767 5.0
46.307 3.148 -2.761 8.0
46.515 2.672 -2.815 5.0
46.445 2.743 -2.794 4.0
46.61100000000001 2.916 -2.759 10.0
46.309 3.039 -2.729 6.0
46.48900000000001 2.892 -2.722 7.0
46.291 3.091 -2.729 6.0
46.309 3.077 -2.728 6.0
46.263 3.037 -2.697 5.0
46.315 3.099 -2.727 6.0
46.237 3.02 -2.661 5.0
46.252 3.022 -2.673 5.0
46.279 3.031 -2.687 4.0
46.62 2.906 -2.769 7.0
46.651 2.91 -2.76 7.0
46.333 3.099 -2.733 6.0
46.362 3.105 -2.704 7.0
46.341 3.115 -2.679 7.0
46.308 3.12 -2.661 6.0
46.798 2.91 -2.656 5.0
46.725 2.922 -2.724 10.0
46.351 3.022 -2.768 5.0
46.375 3.074 -2.792 5.0
46.593 3.129 -2.808 6.0
46.459 3.116 -2.742 7.0
46.485 3.111 -2.69 12.0
46.506 3.112 -2.671 12.0
46.519 3.108 -2.693 14.0
46.519 3.138 -2.745 10.0
46.564 3.107 -2.682 15.0
46.561 3.113 -2.681 13.0
46.537 3.12 -2.708 10.0
46.524 3.109 -2.661 15.0
46.538 3.122 -2.686 12.0
46.74 3.109 -2.763 5.0
46.651 3.138 -2.755 9.0
46.288 3.088 -2.69 6.0
46.314 3.119 -2.683 5.0
46.273 3.085 -2.654 6.0
46.30000000000001 3.106 -2.662 6.0
46.718 3.124 -2.758 5.0
46.402 3.119 -2.737 8.0
46.387 3.119 -2.682 8.0
46.403 3.106 -2.652 11.0
46.636 3.116 -2.703 11.0
46.624 3.118 -2.7 12.0
46.63 3.116 -2.68 11.0
46.373 3.121 -2.661 8.0
46.684 3.128 -2.69 10.0
46.756 3.135 -2.71 7.0
46.735 3.145 -2.71 8.0
46.75 3.137 -2.679 9.0
46.726 3.132 -2.655 11.0
46.586 3.134 -2.751 8.0
46.45 3.111 -2.693 6.0
46.427 3.114 -2.671 9.0
46.565 3.119 -2.702 10.0
46.80000000000001 3.025 -2.826 5.0
46.676 3.118 -2.691 8.0
46.667 3.128 -2.717 9.0
46.679 3.128 -2.711 9.0
46.768 3.127 -2.734 7.0
46.79400000000001 3.138 -2.721 5.0
47.439 2.988 -2.788 6.0
47.177 3.047 -2.854 5.0
47.079 3.189 -2.8 6.0
47.253 3.103 -2.83 5.0
47.706 2.919 -2.838 5.0
47.749 2.879 -2.838 5.0
48.046 2.89 -2.864 6.0
48.34 2.873 -2.852 6.0
47.027 3.014 -2.828 6.0
48.406 2.939 -2.856 6.0
46.839 3.049 -2.81 5.0
48.096 2.66 -2.829 3.0
47.05000000000001 3.057 -2.796 6.0
48.135 2.679 -2.839 6.0
48.195 2.724 -2.836 5.0
47.182 3.18 -2.835 7.0
48.274 2.806 -2.848 6.0
48.284 2.801 -2.841 6.0
48.357 2.901 -2.845 5.0
48.25 3.085 -2.856 7.0
47.296 3.09 -2.845 2.0
48.346 3.201 -2.859 7.0
48.182 3.125 -2.83 6.0
47.982 2.808 -2.843 6.0
47.789 2.924 -2.808 1.0
48.119 2.975 -2.868 6.0
48.215 2.731 -2.844 6.0
48.251 3.166 -2.874 5.0
48.4 3.179 -2.772 7.0
42.383 1.064 -2.285 12.0
42.389 1.058 -2.255 5.0
42.4 1.085 -2.294 8.0
42.321 1.142 -2.311 7.0
42.292 1.15 -2.279 8.0
42.163 1.269 -2.262 12.0
42.203 1.227 -2.267 9.0
42.224 1.249 -2.277 5.0
42.099 1.364 -2.254 10.0
42.102 1.388 -2.277 5.0
42.122 1.42 -2.255 3.0
42.21 1.374 -2.304 3.0
42.168 1.416 -2.283 3.0
42.183 1.422 -2.301 2.0
42.322 1.325 -2.376 4.0
42.314 1.324 -2.354 3.0
42.351 1.283 -2.359 4.0
42.374 1.287 -2.368 5.0
42.346 1.322 -2.368 3.0
42.326 1.34 -2.363 5.0
42.279 1.246 -2.351 3.0
42.23600000000001 1.229 -2.298 6.0
42.338 1.112 -2.285 8.0
42.276 1.365 -2.349 4.0
42.61100000000001 1.101 -2.591 5.0
42.628 1.114 -2.586 5.0
42.24 1.202 -2.28 11.0
42.246 1.187 -2.273 8.0
42.127 1.313 -2.257 15.0
42.116 1.316 -2.26 20.0
42.54400000000001 1.129 -2.552 5.0
42.16900000000001 1.309 -2.288 7.0
42.626 1.2 -2.587 4.0
42.176 1.327 -2.333 3.0
42.629 1.116 -2.539 5.0
42.628 1.115 -2.523 5.0
42.627 1.094 -2.498 7.0
42.61700000000001 1.082 -2.466 6.0
42.616 1.148 -2.493 7.0
42.61400000000001 1.13 -2.465 6.0
42.642 1.04 -2.586 5.0
42.67800000000001 1.036 -2.563 6.0
42.728 1.038 -2.563 5.0
42.384 1.24 -2.364 5.0
42.726 1.047 -2.554 7.0
42.423 1.233 -2.373 7.0
42.686 1.059 -2.556 5.0
42.688 1.108 -2.564 5.0
42.71 1.104 -2.562 5.0
42.279 1.343 -2.398 3.0
42.276 1.393 -2.358 5.0
42.799 1.035 -2.578 11.0
42.664 1.135 -2.557 6.0
42.704 1.18 -2.562 5.0
42.243 1.408 -2.344 3.0
42.697 1.2 -2.562 4.0
42.704 1.107 -2.548 6.0
42.79400000000001 1.032 -2.456 3.0
42.67500000000001 1.132 -2.551 6.0
42.637 1.171 -2.506 4.0
42.676 1.197 -2.547 5.0
42.7 1.214 -2.542 5.0
42.625 1.03 -2.482 5.0
42.606 1.055 -2.452 5.0
42.61100000000001 1.178 -2.463 6.0
42.671 1.086 -2.56 6.0
42.82 1.243 -2.559 8.0
42.829 1.093 -2.603 8.0
42.729 1.231 -2.551 6.0
42.601 1.112 -2.451 5.0
42.619 1.118 -2.443 6.0
42.591 1.099 -2.413 7.0
42.605 1.121 -2.422 6.0
42.668 1.183 -2.556 5.0
42.57 1.032 -2.391 5.0
42.56 1.064 -2.388 5.0
42.566 1.07 -2.353 5.0
42.584 1.077 -2.373 7.0
42.631 1.033 -2.47 6.0
42.637 1.063 -2.54 5.0
42.666 1.069 -2.53 5.0
42.645 1.033 -2.524 5.0
42.634 1.041 -2.502 6.0
42.651 1.065 -2.511 5.0
42.55300000000001 1.147 -2.388 5.0
42.56 1.171 -2.39 5.0
42.555 1.21 -2.388 4.0
42.557 1.13 -2.352 5.0
42.696 1.162 -2.544 7.0
42.463 1.082 -2.267 4.0
42.514 1.078 -2.272 6.0
42.54400000000001 1.115 -2.313 5.0
42.563 1.04 -2.278 5.0
42.632 1.259 -2.568 4.0
42.538 1.093 -2.261 5.0
42.551 1.193 -2.351 5.0
42.766 1.229 -2.567 6.0
42.761 1.033 -2.265 12.0
42.765 1.038 -2.257 9.0
42.584 1.302 -2.422 4.0
42.79700000000001 1.319 -2.527 4.0
42.653 1.328 -2.402 14.0
42.593 1.051 -2.415 6.0
42.601 1.065 -2.406 6.0
42.622 1.074 -2.426 6.0
42.555 1.086 -2.388 5.0
42.565 1.089 -2.397 6.0
42.597 1.168 -2.45 5.0
42.61400000000001 1.168 -2.441 6.0
42.585 1.147 -2.411 6.0
42.613 1.219 -2.44 5.0
42.587 1.195 -2.409 5.0
42.4 1.586 -2.552 5.0
42.56 1.047 -2.328 6.0
42.554 1.051 -2.315 5.0
42.546 1.151 -2.304 5.0
42.631 1.07 -2.446 6.0
42.745 1.044 -2.321 11.0
42.588 1.243 -2.408 4.0
42.799 1.033 -2.288 8.0
42.359 1.687 -2.498 8.0
42.374 1.694 -2.49 5.0
42.359 1.71 -2.463 6.0
42.317 1.771 -2.484 7.0
42.353 1.782 -2.494 9.0
42.351 1.807 -2.459 6.0
42.292 1.561 -2.537 5.0
42.064 1.453 -2.263 5.0
42.096 1.504 -2.254 9.0
42.205 1.449 -2.338 3.0
42.11 1.598 -2.323 3.0
42.105 1.569 -2.29 10.0
42.087 1.525 -2.258 18.0
42.083 1.624 -2.287 3.0
42.087 1.552 -2.268 7.0
42.14 1.599 -2.329 7.0
42.269 1.432 -2.374 4.0
42.243 1.464 -2.355 4.0
42.266 1.461 -2.356 6.0
42.323 1.717 -2.486 7.0
42.322 1.593 -2.388 7.0
42.355 1.636 -2.466 5.0
42.346 1.562 -2.416 10.0
42.336 1.572 -2.408 7.0
42.322 1.818 -2.551 4.0
42.248 1.493 -2.35 5.0
42.23900000000001 1.507 -2.35 7.0
42.262 1.541 -2.312 4.0
42.245 1.567 -2.309 7.0
42.35800000000001 1.735 -2.496 9.0
42.36 1.765 -2.485 6.0
42.21 1.527 -2.37 4.0
42.214 1.541 -2.353 4.0
42.197 1.633 -2.353 4.0
42.209 1.706 -2.358 4.0
42.214 1.721 -2.363 4.0
42.176 1.788 -2.354 3.0
42.217 1.796 -2.393 9.0
42.102 1.639 -2.324 3.0
42.094 1.636 -2.288 3.0
42.065 1.679 -2.285 3.0
42.212 1.516 -2.339 5.0
42.162 1.656 -2.333 3.0
42.205 1.645 -2.341 7.0
42.065 1.544 -2.285 11.0
42.08 1.55 -2.291 12.0
42.202 1.573 -2.338 8.0
42.228 1.553 -2.347 8.0
42.122 1.735 -2.325 3.0
42.091 1.767 -2.326 3.0
42.055 1.801 -2.317 3.0
42.198 1.578 -2.341 4.0
42.212 1.599 -2.344 7.0
42.04 1.73 -2.282 3.0
42.052 1.736 -2.278 4.0
42.185 1.738 -2.335 6.0
42.33 1.609 -2.413 9.0
42.327 1.56 -2.366 9.0
42.319 1.665 -2.428 8.0
42.33 1.628 -2.406 7.0
42.286 1.656 -2.406 9.0
42.356 1.608 -2.435 9.0
42.346 1.605 -2.392 8.0
42.336 1.611 -2.366 8.0
42.335 1.688 -2.43 5.0
42.246 1.778 -2.413 9.0
42.18 1.679 -2.372 4.0
42.166 1.705 -2.352 3.0
42.277 1.78 -2.397 7.0
42.23300000000001 1.819 -2.371 6.0
42.23 1.75 -2.395 8.0
42.186 1.731 -2.353 3.0
42.35 1.75 -2.444 1.0
42.095 1.698 -2.323 3.0
42.085 1.685 -2.285 3.0
42.07 1.746 -2.319 2.0
42.687 1.488 -2.452 17.0
42.096 1.806 -2.319 3.0
42.034 1.795 -2.28 4.0
42.043 1.785 -2.275 5.0
42.64 1.496 -2.415 17.0
42.154 1.752 -2.258 7.0
42.319 1.682 -2.404 7.0
42.291 1.72 -2.421 8.0
42.215 1.224 -2.232 14.0
42.204 1.195 -2.203 8.0
42.258 1.703 -2.401 9.0
42.267 1.715 -2.378 6.0
42.276 1.12 -2.24 29.0
42.295 1.729 -2.4 7.0
42.322 1.081 -2.246 15.0
42.285 1.118 -2.242 7.0
42.275 1.12 -2.181 5.0
42.34 1.065 -2.25 6.0
42.338 1.06 -2.183 9.0
42.37 1.053 -2.181 7.0
42.338 1.069 -2.16 11.0
42.423 1.05 -2.194 5.0
42.418 1.056 -2.17 4.0
42.254 1.169 -2.236 5.0
42.257 1.127 -2.167 45.0
42.25 1.214 -2.166 13.0
42.291 1.179 -2.155 44.0
42.308 1.226 -2.156 93.0
42.662 1.535 -2.461 9.0
42.397 1.043 -2.148 12.0
42.23 1.16 -2.234 36.0
42.23900000000001 1.203 -2.152 3.0
42.123 1.302 -2.22 36.0
42.125 1.322 -2.216 12.0
42.105 1.316 -2.17 27.0
42.13 1.301 -2.157 7.0
42.19 1.233 -2.225 5.0
42.203 1.256 -2.204 7.0
42.092 1.353 -2.216 15.0
42.086 1.372 -2.21 2.0
42.284 1.096 -2.176 40.0
42.312 1.089 -2.173 31.0
42.29 1.109 -2.153 34.0
42.408 1.053 -2.245 8.0
42.42500000000001 1.059 -2.236 9.0
42.089 1.383 -2.212 4.0
42.081 1.361 -2.166 7.0
42.067 1.42 -2.18 1.0
42.253 1.189 -2.212 6.0
42.29400000000001 1.164 -2.202 9.0
42.287 1.167 -2.179 18.0
42.282 1.132 -2.155 7.0
42.234 1.233 -2.23 11.0
42.278 1.265 -2.176 70.0
42.245 1.303 -2.166 6.0
42.17200000000001 1.265 -2.226 13.0
42.17200000000001 1.271 -2.224 7.0
42.148 1.286 -2.199 2.0
42.179 1.293 -2.181 8.0
42.154 1.322 -2.195 7.0
42.135 1.324 -2.182 3.0
42.142 1.293 -2.153 33.0
42.136 1.302 -2.156 6.0
42.072 1.415 -2.25 5.0
42.049 1.394 -2.21 4.0
42.045 1.412 -2.205 4.0
42.066 1.42 -2.206 3.0
42.145 1.399 -2.223 4.0
42.291 1.272 -2.154 12.0
42.528 1.051 -2.233 7.0
42.482 1.07 -2.195 5.0
42.537 1.058 -2.248 5.0
42.557 1.055 -2.236 5.0
42.568 1.062 -2.206 5.0
42.554 1.083 -2.211 5.0
42.684 1.027 -2.228 7.0
42.801 1.045 -2.244 7.0
42.74 1.031 -2.183 12.0
42.445 1.05 -2.224 8.0
42.565 1.029 -2.192 7.0
42.58 1.04 -2.161 7.0
42.033 1.442 -2.246 6.0
42.033 1.458 -2.208 2.0
42.05000000000001 1.468 -2.203 3.0
42.82 1.053 -2.158 11.0
42.057 1.48 -2.206 4.0
42.051 1.439 -2.169 1.0
42.148 1.454 -2.221 9.0
42.084 1.567 -2.252 8.0
42.032 1.672 -2.201 5.0
42.102 1.719 -2.179 6.0
42.088 1.696 -2.17 7.0
42.212 1.812 -2.178 11.0
42.204 1.807 -2.176 12.0
42.23600000000001 1.736 -2.216 11.0
42.341 1.773 -2.178 9.0
42.176 1.497 -2.222 11.0
42.036 1.604 -2.246 4.0
42.058 1.623 -2.246 5.0
42.066 1.601 -2.207 5.0
42.128 1.735 -2.173 10.0
42.908 1.04 -2.591 12.0
42.924 1.049 -2.557 14.0
42.862 1.195 -2.602 7.0
43.017 1.219 -2.564 11.0
42.834 1.033 -2.466 11.0
42.842 1.046 -2.473 11.0
43.003 1.047 -2.483 7.0
42.98300000000001 1.075 -2.483 8.0
42.997 1.106 -2.492 6.0
42.934 1.184 -2.538 13.0
43.052 1.04 -2.459 8.0
43.121 1.038 -2.46 9.0
43.151 1.029 -2.473 6.0
42.85 1.244 -2.575 7.0
42.917 1.252 -2.568 9.0
42.95 1.242 -2.584 6.0
42.9 1.183 -2.554 14.0
42.9 1.041 -2.47 8.0
43.042 1.249 -2.592 4.0
42.973 1.167 -2.519 11.0
43.185 1.035 -2.585 7.0
42.835 1.051 -2.428 10.0
42.944 1.038 -2.434 12.0
42.941 1.033 -2.405 9.0
42.916 1.053 -2.302 9.0
42.87 1.039 -2.283 12.0
43.187 1.029 -2.506 5.0
43.224 1.028 -2.508 4.0
43.076 1.198 -2.549 7.0
42.995 1.045 -2.347 15.0
43.054 1.034 -2.446 10.0
43.035 1.052 -2.449 8.0
43.052 1.033 -2.421 8.0
43.076 1.051 -2.387 9.0
43.167 1.034 -2.437 8.0
43.17200000000001 1.044 -2.4 10.0
43.097 1.062 -2.35 9.0
43.128 1.06 -2.326 9.0
43.038 1.048 -2.266 14.0
43.013 1.251 -2.6 7.0
43.218 1.043 -2.335 6.0
43.207 1.036 -2.303 6.0
43.139 1.051 -2.279 7.0
43.266 1.033 -2.598 3.0
43.435 1.081 -2.538 8.0
43.24 1.244 -2.581 2.0
43.241 1.032 -2.371 6.0
43.259 1.028 -2.372 5.0
42.917 1.031 -2.433 12.0
42.85800000000001 1.049 -2.394 10.0
42.843 1.037 -2.354 6.0
42.871 1.047 -2.334 11.0
42.877 1.051 -2.321 13.0
43.398 1.106 -2.313 8.0
42.883 1.051 -2.27 12.0
43.4 1.158 -2.343 8.0
42.985 1.039 -2.295 13.0
43.496 1.122 -2.352 7.0
42.997 1.056 -2.282 15.0
43.188 1.035 -2.417 10.0
43.115 1.061 -2.285 8.0
43.1 1.051 -2.261 9.0
43.431 1.073 -2.327 14.0
43.459 1.082 -2.331 21.0
43.458 1.092 -2.309 13.0
43.057 1.462 -2.612 8.0
43.054 1.58 -2.606 8.0
43.402 1.149 -2.358 11.0
42.847 1.053 -2.242 20.0
42.868 1.054 -2.197 11.0
42.88 1.04 -2.189 8.0
42.91 1.051 -2.166 14.0
42.92800000000001 1.051 -2.177 10.0
42.988 1.058 -2.21 15.0
43.459 1.097 -2.399 14.0
43.164 1.051 -2.227 8.0
43.138 1.06 -2.2 13.0
43.077 1.686 -2.604 8.0
43.182 1.818 -2.61 11.0
42.894 1.047 -2.233 73.0
43.01 1.053 -2.179 12.0
43.04700000000001 1.057 -2.211 8.0
43.222 1.045 -2.244 8.0
43.216 1.043 -2.233 7.0
43.17800000000001 1.048 -2.196 15.0
43.196 1.043 -2.201 11.0
43.198 1.042 -2.188 5.0
43.404 1.136 -2.23 12.0
43.445 1.092 -2.232 15.0
43.442 1.09 -2.224 17.0
43.432 1.084 -2.192 17.0
43.612 1.126 -2.232 47.0
43.46 1.076 -2.235 28.0
42.32 1.83 -2.484 8.0
42.355 1.83 -2.493 9.0
42.356 1.83 -2.481 8.0
42.339 2.016 -2.497 7.0
42.34 2.02 -2.485 12.0
42.345 1.987 -2.458 11.0
42.346 2.023 -2.47 11.0
42.338 2.006 -2.462 8.0
42.262 2.201 -2.554 9.0
42.342 2.038 -2.455 12.0
42.338 2.161 -2.48 14.0
42.353 2.142 -2.464 12.0
42.344 2.187 -2.501 9.0
42.339 2.208 -2.479 15.0
42.351 2.205 -2.46 13.0
42.272 1.869 -2.544 6.0
42.204 1.843 -2.39 9.0
42.221 1.832 -2.406 10.0
42.224 1.872 -2.389 8.0
42.313 1.883 -2.483 9.0
42.19 1.936 -2.385 8.0
42.223 1.932 -2.388 9.0
42.185 1.944 -2.353 4.0
42.342 1.878 -2.49 11.0
42.355 1.893 -2.478 9.0
42.352 1.907 -2.487 7.0
42.35 1.884 -2.464 9.0
42.343 1.904 -2.455 7.0
42.193 1.983 -2.384 7.0
42.223 1.992 -2.388 9.0
42.214 1.987 -2.363 5.0
42.177 1.831 -2.331 6.0
42.173 1.878 -2.329 5.0
42.352 1.924 -2.49 10.0
42.338 1.972 -2.486 11.0
42.351 1.934 -2.461 10.0
42.347 1.96 -2.473 10.0
42.046 1.947 -2.307 4.0
42.06 1.951 -2.321 3.0
42.112 1.95 -2.344 3.0
42.156 1.97 -2.324 6.0
42.249 1.825 -2.393 8.0
42.308 1.851 -2.382 9.0
42.261 2.025 -2.548 8.0
42.34 2.114 -2.482 13.0
42.351 2.081 -2.467 11.0
42.267 1.961 -2.426 4.0
42.313 1.949 -2.434 6.0
42.338 1.997 -2.451 10.0
42.355 2.009 -2.428 11.0
42.306 1.865 -2.278 12.0
42.168 1.824 -2.353 3.0
42.199 1.89 -2.388 8.0
42.219 1.909 -2.394 4.0
42.221 1.906 -2.367 6.0
42.161 1.928 -2.355 3.0
42.182 2.076 -2.38 7.0
42.21 2.107 -2.385 9.0
42.181 2.023 -2.358 4.0
42.186 2.129 -2.386 8.0
42.184 2.123 -2.38 7.0
42.186 2.17 -2.379 8.0
42.201 2.163 -2.384 8.0
42.214 2.169 -2.391 5.0
42.069 1.878 -2.313 3.0
42.187 2.177 -2.383 8.0
42.184 2.217 -2.377 7.0
42.187 2.206 -2.367 5.0
42.043 2.111 -2.317 3.0
42.142 2.063 -2.319 5.0
42.137 2.11 -2.316 5.0
42.105 2.189 -2.342 4.0
42.151 1.974 -2.349 3.0
42.159 2.018 -2.322 6.0
42.139 2.217 -2.346 5.0
42.275 1.892 -2.376 9.0
42.338 2.085 -2.448 10.0
42.335 2.09 -2.451 12.0
42.355 2.076 -2.425 12.0
42.335 2.14 -2.449 13.0
42.357 2.14 -2.422 12.0
42.269 2.068 -2.269 13.0
42.352 1.945 -2.431 10.0
42.058 2.031 -2.387 3.0
42.192 2.03 -2.383 7.0
42.211 2.046 -2.386 8.0
42.21 2.066 -2.36 5.0
42.071 2.172 -2.392 3.0
42.149 2.144 -2.358 4.0
42.038 2.066 -2.3 4.0
42.26 2.375 -2.559 9.0
42.093 2.138 -2.34 3.0
42.335 2.228 -2.493 9.0
42.341 2.256 -2.478 15.0
42.347 2.284 -2.483 8.0
42.334 2.275 -2.455 13.0
42.334 2.303 -2.476 16.0
42.341 2.324 -2.459 7.0
42.335 2.335 -2.452 14.0
42.329 2.181 -2.444 11.0
42.343 2.188 -2.447 15.0
42.191 2.225 -2.381 7.0
42.206 2.227 -2.384 8.0
42.19 2.264 -2.377 8.0
42.197 2.224 -2.357 4.0
42.191 2.273 -2.378 7.0
42.204 2.288 -2.384 8.0
42.192 2.311 -2.376 7.0
42.192 2.321 -2.376 7.0
42.09 2.323 -2.398 3.0
42.209 2.352 -2.384 8.0
42.197 2.358 -2.375 8.0
42.196 2.368 -2.374 7.0
42.036 2.233 -2.309 3.0
42.059 2.226 -2.317 3.0
42.099 2.265 -2.296 4.0
42.118 2.313 -2.295 6.0
42.304 2.345 -2.566 2.0
42.17 2.303 -2.315 9.0
42.17 2.318 -2.319 7.0
42.10800000000001 2.404 -2.304 5.0
42.05300000000001 2.327 -2.28 4.0
42.063 2.368 -2.288 5.0
42.107 2.375 -2.291 6.0
42.153 2.359 -2.342 4.0
42.18 2.372 -2.345 3.0
42.185 2.331 -2.348 4.0
42.149 2.347 -2.311 10.0
42.344 2.238 -2.445 14.0
42.336 2.39 -2.436 15.0
42.165 2.28 -2.363 4.0
42.043 2.423 -2.286 4.0
42.045 2.459 -2.281 6.0
42.06 2.507 -2.288 3.0
42.058 2.497 -2.278 6.0
42.182 2.423 -2.317 5.0
42.063 2.507 -2.28 8.0
42.071 2.511 -2.273 7.0
42.231 2.379 -2.39 5.0
42.211 2.414 -2.373 7.0
42.214 2.421 -2.356 4.0
42.109 2.248 -2.308 3.0
42.205 2.486 -2.347 3.0
42.183 2.511 -2.344 3.0
42.125 2.541 -2.318 6.0
42.10800000000001 2.592 -2.281 10.0
42.102 2.611 -2.278 6.0
42.109 2.599 -2.28 25.0
42.109 2.586 -2.275 13.0
42.127 2.302 -2.342 6.0
42.059 2.275 -2.275 4.0
42.153 2.585 -2.304 3.0
42.272 2.513 -2.392 5.0
42.234 2.506 -2.371 5.0
42.289 2.527 -2.397 4.0
42.059 2.345 -2.334 10.0
42.072 2.344 -2.311 6.0
42.065 2.353 -2.315 8.0
42.279 2.58 -2.371 4.0
42.273 2.596 -2.371 4.0
42.067 2.391 -2.274 4.0
42.344 2.618 -2.403 4.0
42.394 2.591 -2.43 4.0
42.312 2.261 -2.443 8.0
42.325 2.271 -2.441 12.0
42.336 2.29 -2.441 15.0
42.348 2.276 -2.415 13.0
42.34 2.339 -2.439 16.0
42.216 2.433 -2.367 4.0
42.219 2.46 -2.372 5.0
42.223 2.449 -2.358 7.0
42.115 2.485 -2.302 3.0
42.55300000000001 2.412 -2.456 13.0
42.67800000000001 2.56 -2.462 12.0
42.084 2.554 -2.28 26.0
42.136 2.535 -2.303 3.0
42.147 2.543 -2.312 7.0
42.534 2.411 -2.451 8.0
42.221 2.601 -2.345 4.0
42.25 2.552 -2.37 5.0
42.264 2.554 -2.358 4.0
42.255 2.589 -2.35 4.0
42.183 2.019 -2.201 12.0
42.251 1.886 -2.181 10.0
42.33 1.881 -2.187 13.0
42.331 1.872 -2.223 13.0
42.674 2.477 -2.464 14.0
42.731 2.552 -2.475 17.0
42.336 1.829 -2.19 11.0
42.304 1.967 -2.217 13.0
42.61700000000001 2.372 -2.424 10.0
42.605 2.418 -2.448 13.0
42.068 2.203 -2.239 9.0
42.124 2.161 -2.19 12.0
42.103 1.984 -2.22 4.0
42.218 2.162 -2.236 9.0
42.191 2.144 -2.226 4.0
42.159 1.987 -2.179 2.0
42.321 1.919 -2.221 13.0
42.273 1.97 -2.208 5.0
42.065 2.147 -2.24 5.0
42.203 2.23 -2.234 5.0
42.036 2.468 -2.223 3.0
42.051 2.532 -2.241 19.0
42.078 2.547 -2.233 13.0
42.062 2.525 -2.223 9.0
42.063 2.542 -2.22 28.0
42.112 2.621 -2.235 13.0
42.092 2.579 -2.224 21.0
42.085 2.586 -2.22 17.0
42.043 2.346 -2.249 7.0
42.032 2.487 -2.241 5.0
42.034 2.485 -2.23 3.0
42.079 2.576 -2.243 14.0
43.235 1.855 -2.614 11.0
43.315 1.939 -2.62 10.0
43.356 1.981 -2.622 10.0
43.432 2.068 -2.627 11.0
43.496 2.16 -2.63 10.0
43.619 2.289 -2.639 10.0
43.391 2.026 -2.624 11.0
43.462 2.115 -2.629 11.0
43.534 2.205 -2.633 10.0
43.578 2.246 -2.636 11.0
43.872 1.144 -2.26 32.0
43.874 1.212 -2.285 14.0
44.29700000000001 1.309 -2.649 5.0
44.329 1.363 -2.65 4.0
44.161 1.16 -2.314 20.0
44.136 1.182 -2.28 13.0
44.157 1.206 -2.291 17.0
44.074 1.292 -2.329 11.0
44.073 1.304 -2.31 8.0
44.012 1.559 -2.464 9.0
43.862 1.675 -2.65 6.0
44.324 1.514 -2.47 9.0
43.904 1.205 -2.309 14.0
44.01 1.167 -2.275 26.0
44.345 1.465 -2.345 7.0
44.034 1.135 -2.3 25.0
43.76 1.093 -2.186 46.0
43.74 1.132 -2.246 39.0
43.886 1.122 -2.249 15.0
43.862 1.111 -2.188 37.0
43.929 1.107 -2.206 23.0
44.01 1.706 -2.632 8.0
44.083 1.484 -2.442 7.0
43.722 1.103 -2.229 21.0
43.792 1.097 -2.189 24.0
43.988 1.104 -2.21 45.0
43.987 1.215 -2.201 18.0
44.102 1.107 -2.223 45.0
44.139 1.108 -2.193 39.0
44.23300000000001 1.113 -2.195 27.0
44.066 1.115 -2.223 19.0
44.247 1.111 -2.206 40.0
44.35800000000001 1.116 -2.219 40.0
44.368 1.205 -2.246 17.0
44.702 1.137 -2.26 38.0
45.015 1.168 -2.349 12.0
45.203 1.162 -2.261 21.0
44.526 1.493 -2.454 6.0
44.817 1.455 -2.364 15.0
44.645 1.511 -2.277 8.0
44.789 1.435 -2.296 17.0
44.826 1.525 -2.413 12.0
44.842 1.508 -2.273 13.0
44.529 1.423 -2.335 12.0
44.933 1.16 -2.314 41.0
44.587 1.13 -2.246 40.0
45.061 1.25 -2.284 17.0
44.451 1.536 -2.485 11.0
44.517 1.493 -2.263 6.0
44.72 1.496 -2.259 8.0
44.884 1.501 -2.401 16.0
45.016 1.525 -2.416 12.0
45.10800000000001 1.53 -2.4 11.0
45.095 1.529 -2.331 11.0
44.786 1.123 -2.215 17.0
44.795 1.13 -2.211 28.0
44.931 1.142 -2.228 28.0
44.062 1.833 -2.637 9.0
44.131 1.967 -2.644 10.0
43.91 2.422 -2.488 7.0
43.902 2.453 -2.488 11.0
43.892 2.518 -2.469 14.0
43.967 2.538 -2.491 7.0
43.99200000000001 2.562 -2.466 10.0
43.787 2.534 -2.449 12.0
43.844 2.57 -2.424 14.0
43.997 2.582 -2.431 12.0
44.243 2.616 -2.413 13.0
44.185 2.039 -2.65 9.0
43.818 2.617 -2.378 10.0
43.89 2.572 -2.423 13.0
44.211 2.621 -2.393 12.0
42.42200000000001 2.934 -2.599 5.0
42.125 2.627 -2.298 4.0
42.162 2.623 -2.32 6.0
42.185 2.638 -2.307 3.0
42.209 2.693 -2.323 8.0
42.21 2.689 -2.308 4.0
42.161 2.674 -2.284 8.0
42.161 2.681 -2.284 8.0
42.158 2.689 -2.28 19.0
42.214 2.776 -2.281 19.0
42.292 2.642 -2.371 4.0
42.323 2.666 -2.362 4.0
42.36100000000001 2.644 -2.402 5.0
42.347 2.716 -2.376 5.0
42.368 2.727 -2.375 7.0
42.258 2.69 -2.347 4.0
42.254 2.68 -2.314 6.0
42.25 2.769 -2.325 12.0
42.273 2.747 -2.315 4.0
42.308 2.761 -2.351 6.0
42.316 2.813 -2.33 10.0
42.30300000000001 2.792 -2.323 12.0
42.283 2.83 -2.292 24.0
42.579 2.717 -2.608 5.0
42.624 2.718 -2.619 6.0
42.134 2.644 -2.28 19.0
42.147 2.661 -2.277 11.0
42.191 2.727 -2.28 15.0
42.182 2.734 -2.28 19.0
42.218 2.762 -2.288 16.0
42.602 2.692 -2.571 4.0
42.61400000000001 2.685 -2.558 6.0
42.322 2.685 -2.372 5.0
42.312 2.678 -2.353 4.0
42.355 2.656 -2.373 4.0
42.43 2.732 -2.415 5.0
42.412 2.731 -2.38 8.0
42.426 2.768 -2.38 7.0
42.387 2.793 -2.357 6.0
42.513 2.81 -2.588 5.0
42.557 2.734 -2.616 6.0
42.55000000000001 2.783 -2.613 5.0
42.569 2.742 -2.564 6.0
42.571 2.777 -2.566 5.0
42.561 2.791 -2.561 6.0
42.604 2.783 -2.613 6.0
42.23600000000001 2.793 -2.283 21.0
42.42 2.807 -2.339 7.0
42.559 2.711 -2.543 6.0
42.538 2.697 -2.511 5.0
42.579 2.682 -2.498 4.0
42.383 2.842 -2.33 7.0
42.381 2.845 -2.3 8.0
42.42500000000001 2.854 -2.298 6.0
42.525 2.805 -2.549 5.0
42.519 2.777 -2.487 6.0
42.549 2.721 -2.55 4.0
42.542 2.768 -2.538 7.0
42.541 2.723 -2.512 4.0
42.536 2.76 -2.524 6.0
42.541 2.708 -2.593 5.0
42.766 2.714 -2.565 5.0
42.635 2.762 -2.605 6.0
42.756 2.648 -2.473 15.0
42.519 2.754 -2.6 5.0
42.514 2.867 -2.588 5.0
42.628 2.724 -2.605 4.0
42.626 2.752 -2.624 5.0
42.607 2.721 -2.571 4.0
42.595 2.843 -2.608 6.0
42.551 2.884 -2.61 6.0
42.606 2.836 -2.623 5.0
42.597 2.899 -2.605 7.0
42.613 2.845 -2.6 5.0
42.62 2.852 -2.599 6.0
42.527 2.882 -2.493 5.0
42.529 2.885 -2.497 5.0
42.514 2.872 -2.484 6.0
42.538 2.872 -2.532 7.0
42.555 2.878 -2.534 5.0
42.534 2.897 -2.518 6.0
42.528 2.729 -2.489 6.0
42.54 2.866 -2.494 5.0
42.60800000000001 2.894 -2.515 5.0
42.563 2.773 -2.537 5.0
42.603 2.926 -2.537 4.0
42.616 2.93 -2.503 5.0
42.531 2.788 -2.497 5.0
42.6 2.922 -2.493 5.0
42.693 2.711 -2.583 7.0
42.711 2.717 -2.588 5.0
42.721 2.697 -2.572 7.0
42.79 2.711 -2.597 7.0
42.684 2.753 -2.556 4.0
42.756 2.747 -2.544 11.0
42.666 2.709 -2.62 7.0
42.513 2.844 -2.601 5.0
42.636 2.918 -2.598 6.0
42.64 2.92 -2.6 5.0
42.667 2.895 -2.559 5.0
42.554 2.835 -2.612 6.0
42.751 2.949 -2.62 5.0
42.818 2.939 -2.617 5.0
42.633 2.914 -2.477 6.0
42.564 2.839 -2.559 6.0
42.567 2.863 -2.567 5.0
42.558 2.887 -2.556 6.0
42.73900000000001 2.914 -2.513 13.0
42.508 2.839 -2.521 4.0
42.778 2.895 -2.489 16.0
42.511 2.825 -2.484 6.0
42.523 2.854 -2.469 5.0
42.533 2.822 -2.534 6.0
42.537 2.828 -2.521 6.0
42.787 2.906 -2.464 14.0
42.565 2.88 -2.491 7.0
42.709 2.929 -2.457 10.0
42.818 2.922 -2.545 10.0
42.78 2.921 -2.458 16.0
42.571 2.93 -2.496 5.0
42.455 2.641 -2.372 5.0
42.531 2.682 -2.37 5.0
42.522 2.748 -2.44 6.0
42.484 2.758 -2.405 7.0
42.484 2.812 -2.388 6.0
42.462 2.812 -2.345 6.0
42.517 2.843 -2.443 5.0
42.511 2.85 -2.433 6.0
42.484 2.828 -2.422 5.0
42.49200000000001 2.855 -2.403 6.0
42.515 2.854 -2.412 5.0
42.51 2.875 -2.441 5.0
42.511 2.872 -2.436 5.0
42.512 2.905 -2.439 6.0
42.513 2.899 -2.431 7.0
42.524 2.898 -2.438 5.0
42.52 2.88 -2.403 6.0
42.49200000000001 2.87 -2.389 5.0
42.533 2.918 -2.444 6.0
42.81 2.914 -2.557 9.0
42.702 2.944 -2.603 4.0
42.725 2.934 -2.608 4.0
42.543 2.928 -2.437 5.0
42.559 2.929 -2.409 5.0
42.557 2.923 -2.405 5.0
42.598 2.924 -2.448 5.0
42.591 2.932 -2.371 6.0
42.5 2.833 -2.346 5.0
42.49200000000001 2.837 -2.339 5.0
42.499 2.829 -2.309 5.0
42.504 2.877 -2.304 6.0
42.526 2.919 -2.306 5.0
42.51 2.833 -2.265 5.0
42.538 2.913 -2.348 5.0
42.551 2.918 -2.312 6.0
42.524 2.927 -2.28 5.0
42.699 2.932 -2.548 7.0
42.54 2.925 -2.342 6.0
42.694 2.933 -2.545 6.0
42.532 2.921 -2.265 5.0
42.744 2.924 -2.455 9.0
42.599 2.669 -2.371 6.0
42.651 2.911 -2.448 10.0
42.647 2.911 -2.397 12.0
42.655 2.911 -2.352 17.0
42.515 2.785 -2.445 6.0
42.509 2.79 -2.439 5.0
42.513 2.799 -2.436 7.0
42.488 2.806 -2.404 6.0
42.48 2.809 -2.385 7.0
42.509 2.818 -2.306 5.0
42.811 2.911 -2.428 12.0
42.786 2.893 -2.408 13.0
42.478 2.858 -2.382 7.0
42.527 2.891 -2.388 6.0
42.513 2.895 -2.366 5.0
42.515 2.895 -2.366 5.0
42.506 2.881 -2.355 5.0
42.512 2.896 -2.365 5.0
42.735 2.876 -2.384 6.0
42.747 2.904 -2.366 10.0
42.76 2.914 -2.36 12.0
42.781 2.905 -2.378 9.0
42.816 2.904 -2.392 14.0
42.819 2.906 -2.39 15.0
42.6 2.918 -2.373 5.0
42.613 2.913 -2.373 7.0
42.789 2.921 -2.428 8.0
42.776 2.905 -2.33 10.0
42.825 2.914 -2.334 13.0
42.743 2.919 -2.265 9.0
42.756 2.91 -2.274 12.0
42.463 2.865 -2.344 6.0
42.636 2.924 -2.256 12.0
42.45 2.872 -2.336 6.0
42.458 2.882 -2.274 7.0
42.528 2.923 -2.304 5.0
42.615 2.931 -2.313 7.0
42.695 2.9 -2.42 10.0
42.173 2.662 -2.239 7.0
42.16900000000001 2.672 -2.227 11.0
42.167 2.743 -2.245 15.0
42.179 2.757 -2.247 9.0
42.214 2.801 -2.249 9.0
42.221 2.786 -2.227 31.0
42.222 2.799 -2.224 10.0
42.645 2.925 -2.446 9.0
42.668 2.924 -2.416 9.0
42.662 2.924 -2.317 8.0
42.129 2.666 -2.245 9.0
42.124 2.63 -2.225 41.0
42.262 2.831 -2.229 22.0
42.193 2.752 -2.239 17.0
42.186 2.737 -2.226 26.0
42.193 2.757 -2.223 12.0
42.241 2.808 -2.243 27.0
42.30000000000001 2.853 -2.247 17.0
42.318 2.863 -2.233 9.0
42.42800000000001 2.854 -2.242 5.0
42.495 2.876 -2.249 7.0
42.528 2.919 -2.25 5.0
42.519 2.912 -2.215 5.0
42.535 2.925 -2.248 4.0
42.74200000000001 2.906 -2.217 8.0
42.774 2.912 -2.225 11.0
42.507 2.87 -2.248 5.0
42.832 2.712 -2.587 7.0
42.86 2.739 -2.604 7.0
42.929 2.773 -2.569 14.0
42.978 2.796 -2.535 3.0
43.183 2.757 -2.622 6.0
42.995 2.826 -2.616 9.0
43.004 2.952 -2.634 4.0
42.901 2.922 -2.565 11.0
42.881 2.937 -2.57 17.0
42.995 2.927 -2.574 10.0
43.001 2.946 -2.563 9.0
42.889 2.892 -2.537 15.0
42.91 2.906 -2.499 21.0
42.909 2.914 -2.474 18.0
42.961 2.854 -2.528 5.0
42.876 2.921 -2.524 12.0
42.848 2.923 -2.471 15.0
42.914 2.921 -2.468 17.0
43.036 2.949 -2.588 9.0
43.067 2.954 -2.58 6.0
43.054 2.94 -2.54 10.0
43.028 2.751 -2.631 5.0
43.025 2.728 -2.605 7.0
43.004 2.746 -2.62 11.0
43.03 2.922 -2.483 11.0
43.036 2.932 -2.48 9.0
43.043 2.932 -2.478 13.0
43.056 2.945 -2.491 8.0
43.12 2.946 -2.487 9.0
43.107 2.94 -2.458 9.0
43.144 2.944 -2.491 7.0
43.059 2.768 -2.536 6.0
43.16 2.962 -2.491 6.0
43.165 2.958 -2.487 6.0
43.156 2.953 -2.454 8.0
42.908 2.948 -2.625 5.0
42.973 2.971 -2.628 4.0
43.183 2.963 -2.464 5.0
42.86100000000001 2.909 -2.466 13.0
42.971 2.907 -2.531 11.0
42.952 2.907 -2.525 15.0
42.841 2.903 -2.391 11.0
42.844 2.909 -2.374 18.0
42.964 2.908 -2.475 11.0
42.933 2.912 -2.438 15.0
42.948 2.912 -2.4 22.0
42.939 2.918 -2.382 11.0
42.977 2.911 -2.378 22.0
43.008 2.923 -2.408 16.0
43.015 2.928 -2.413 21.0
43.016 2.924 -2.407 16.0
42.968 2.927 -2.532 10.0
42.941 2.939 -2.391 10.0
42.965 2.927 -2.483 10.0
43.151 2.936 -2.557 6.0
43.042 2.911 -2.453 13.0
42.833 2.914 -2.29 12.0
42.847 2.917 -2.273 12.0
42.932 2.93 -2.28 8.0
43.168 2.943 -2.519 5.0
43.04700000000001 2.927 -2.446 12.0
43.035 2.922 -2.427 19.0
43.10800000000001 2.929 -2.416 23.0
43.054 2.922 -2.408 11.0
43.119 2.929 -2.415 31.0
43.128 2.941 -2.421 21.0
43.155 2.944 -2.437 14.0
43.154 2.942 -2.415 8.0
43.185 2.952 -2.362 7.0
43.192 2.962 -2.362 7.0
43.11400000000001 2.935 -2.314 23.0
43.122 2.943 -2.295 14.0
43.188 2.965 -2.319 7.0
42.911 2.915 -2.4 10.0
42.916 2.917 -2.398 10.0
43.485 2.811 -2.463 6.0
43.356 2.802 -2.453 8.0
43.4 2.938 -2.511 6.0
43.405 2.948 -2.51 6.0
43.387 2.84 -2.441 7.0
43.384 2.86 -2.439 7.0
43.368 2.876 -2.378 7.0
42.869 2.931 -2.337 23.0
43.391 2.927 -2.434 7.0
43.394 2.925 -2.432 10.0
43.412 2.945 -2.442 7.0
43.393 2.936 -2.412 11.0
43.023 2.922 -2.348 15.0
43.015 2.933 -2.305 15.0
43.407 2.952 -2.38 13.0
43.379 2.908 -2.317 9.0
43.118 2.93 -2.356 43.0
43.191 2.957 -2.423 6.0
43.219 2.953 -2.405 5.0
43.132 2.934 -2.398 33.0
43.167 2.949 -2.393 8.0
43.162 2.951 -2.365 10.0
43.378 2.906 -2.267 12.0
43.168 2.96 -2.314 9.0
43.368 2.936 -2.283 13.0
43.36 2.937 -2.269 17.0
43.198 2.965 -2.3 6.0
43.396 2.747 -2.538 7.0
43.45 2.937 -2.272 33.0
43.442 2.957 -2.275 20.0
42.965 2.917 -2.233 9.0
42.888 2.928 -2.236 9.0
42.914 2.934 -2.231 9.0
43.403 2.872 -2.481 8.0
43.404 2.911 -2.488 12.0
43.414 2.934 -2.474 7.0
43.026 2.933 -2.241 8.0
43.396 2.894 -2.443 9.0
43.388 2.874 -2.421 8.0
43.359 2.889 -2.335 7.0
43.11100000000001 2.95 -2.247 9.0
43.037 2.934 -2.251 8.0
43.605 2.95 -2.239 44.0
43.947 2.651 -2.371 13.0
43.997 2.909 -2.318 18.0
43.901 2.965 -2.262 40.0
43.969 2.926 -2.321 17.0
44.321 2.623 -2.402 10.0
44.338 2.63 -2.421 13.0
44.145 2.896 -2.337 16.0
44.035 2.989 -2.265 26.0
44.182 3.002 -2.282 11.0
44.362 3.006 -2.27 40.0
43.699 2.958 -2.246 42.0
43.79700000000001 2.964 -2.254 40.0
43.88 2.921 -2.308 23.0
43.913 2.98 -2.255 26.0
44.164 2.995 -2.275 24.0
44.256 3.003 -2.261 39.0
44.447 2.629 -2.43 12.0
44.42800000000001 2.629 -2.41 12.0
44.793 3.018 -2.303 30.0
45.372 1.258 -2.34 16.0
45.261 1.546 -2.444 9.0
45.26 1.572 -2.415 9.0
46.281 1.209 -2.576 6.0
46.284 1.202 -2.565 6.0
46.322 1.207 -2.589 5.0
46.344 1.195 -2.561 5.0
46.275 1.218 -2.501 5.0
46.283 1.2 -2.463 6.0
46.268 1.205 -2.462 5.0
46.334 1.201 -2.462 5.0
46.266 1.23 -2.552 5.0
46.267 1.268 -2.572 5.0
46.305 1.295 -2.587 4.0
46.244 1.342 -2.563 4.0
46.36100000000001 1.378 -2.648 5.0
46.35 1.395 -2.61 4.0
46.408 1.406 -2.635 6.0
46.257 1.298 -2.55 4.0
46.252 1.281 -2.497 5.0
46.241 1.279 -2.459 5.0
46.229 1.329 -2.55 4.0
46.26 1.371 -2.549 5.0
46.258 1.36 -2.534 5.0
46.231 1.393 -2.495 5.0
46.231 1.39 -2.453 4.0
46.091 1.215 -2.274 52.0
46.266 1.211 -2.637 5.0
46.412 1.199 -2.579 7.0
46.281 1.201 -2.393 4.0
46.224 1.325 -2.634 4.0
46.261 1.208 -2.289 5.0
46.238 1.216 -2.263 6.0
46.35 1.211 -2.273 7.0
46.247 1.225 -2.261 5.0
46.243 1.245 -2.445 6.0
46.263 1.235 -2.433 5.0
46.237 1.278 -2.427 5.0
46.238 1.32 -2.443 5.0
46.226 1.301 -2.384 6.0
46.235 1.397 -2.442 5.0
46.228 1.42 -2.443 4.0
46.23300000000001 1.383 -2.426 4.0
46.37 1.312 -2.65 4.0
46.228 1.332 -2.385 4.0
46.225 1.367 -2.382 6.0
46.235 1.321 -2.28 4.0
46.229 1.276 -2.259 6.0
46.34 1.326 -2.631 5.0
46.456 1.152 -2.632 7.0
46.421 1.188 -2.602 5.0
46.234 1.266 -2.499 6.0
46.247 1.248 -2.453 5.0
46.566 1.22 -2.591 13.0
46.23300000000001 1.33 -2.497 5.0
46.247 1.353 -2.496 5.0
46.424 1.223 -2.48 9.0
46.723 1.217 -2.611 9.0
46.785 1.222 -2.569 10.0
46.563 1.229 -2.596 19.0
46.517 1.252 -2.581 6.0
46.424 1.329 -2.648 5.0
46.513 1.422 -2.619 3.0
46.495 1.249 -2.481 10.0
46.494 1.228 -2.476 11.0
46.516 1.236 -2.476 11.0
46.505 1.235 -2.461 10.0
46.276 1.205 -2.431 5.0
46.566 1.245 -2.496 12.0
46.604 1.23 -2.493 24.0
46.188 1.376 -2.274 5.0
46.694 1.229 -2.61 12.0
46.238 1.256 -2.387 5.0
46.707 1.229 -2.582 10.0
46.23900000000001 1.237 -2.282 5.0
46.24 1.266 -2.284 7.0
46.244 1.238 -2.277 6.0
46.749 1.229 -2.561 11.0
46.479 1.217 -2.632 7.0
46.651 1.25 -2.493 15.0
46.63 1.239 -2.476 18.0
46.79400000000001 1.231 -2.523 9.0
46.801 1.24 -2.515 10.0
46.616 1.221 -2.328 16.0
46.815 1.212 -2.623 7.0
46.465 1.276 -2.628 6.0
46.564 1.423 -2.627 9.0
46.423 1.392 -2.646 5.0
46.454 1.398 -2.622 5.0
46.599 1.231 -2.432 14.0
46.43 1.298 -2.309 5.0
46.542 1.241 -2.493 16.0
46.555 1.24 -2.466 15.0
46.579 1.23 -2.317 17.0
46.581 1.244 -2.273 51.0
46.619 1.228 -2.305 15.0
46.704 1.246 -2.337 15.0
46.763 1.243 -2.322 12.0
46.61400000000001 1.227 -2.592 31.0
46.574 1.229 -2.567 14.0
46.781 1.253 -2.292 48.0
46.784 1.262 -2.266 52.0
46.67500000000001 1.434 -2.636 10.0
46.80000000000001 1.235 -2.576 8.0
46.781 1.451 -2.644 7.0
46.738 1.242 -2.508 12.0
46.79700000000001 1.238 -2.495 11.0
46.601 1.22 -2.326 22.0
46.54400000000001 1.228 -2.32 5.0
46.807 1.251 -2.358 12.0
46.746 1.247 -2.291 9.0
46.571 2.101 -2.6 11.0
46.53 2.191 -2.597 9.0
46.851 1.225 -2.521 6.0
46.906 1.232 -2.533 6.0
46.872 1.23 -2.519 8.0
46.883 1.237 -2.467 11.0
47.098 1.326 -2.547 10.0
46.938 1.227 -2.359 8.0
46.889 1.243 -2.337 9.0
47.063 1.279 -2.357 9.0
46.999 1.249 -2.292 6.0
47.013 1.259 -2.275 10.0
47.101 1.276 -2.394 16.0
46.834 1.419 -2.574 10.0
47.138 1.289 -2.311 15.0
47.062 1.239 -2.487 12.0
47.32 1.319 -2.319 10.0
47.559 1.279 -2.373 4.0
46.896 1.242 -2.362 11.0
47.495 1.327 -2.337 16.0
46.99 1.237 -2.369 12.0
46.859 1.261 -2.277 16.0
47.032 1.292 -2.299 7.0
47.022 1.283 -2.288 17.0
47.168 1.274 -2.275 59.0
47.306000000000004 1.293 -2.328 29.0
47.73300000000001 1.333 -2.331 15.0
45.809 3.054 -2.324 17.0
45.948 3.044 -2.335 16.0
45.68 3.058 -2.315 20.0
46.204 2.988 -2.597 5.0
46.208 2.921 -2.543 5.0
46.195 2.954 -2.537 6.0
46.181000000000004 3.016 -2.532 5.0
46.201 3.008 -2.539 4.0
46.187 2.972 -2.494 5.0
46.249 2.919 -2.568 6.0
46.246 2.984 -2.566 5.0
46.224 2.909 -2.473 3.0
46.265 2.898 -2.452 2.0
46.17800000000001 2.956 -2.446 5.0
46.182 2.953 -2.447 5.0
46.17800000000001 2.956 -2.412 5.0
46.182 2.985 -2.393 5.0
46.53 2.984 -2.508 13.0
46.55300000000001 2.952 -2.485 12.0
46.814 2.925 -2.641 2.0
46.681000000000004 2.957 -2.5 20.0
46.187 3.076 -2.492 5.0
46.162 2.972 -2.492 5.0
46.231 3.051 -2.562 6.0
46.227 2.936 -2.629 6.0
46.244 3.096 -2.599 6.0
46.24 3.109 -2.568 5.0
46.266 3.106 -2.563 6.0
46.351 3.118 -2.577 10.0
46.602 2.964 -2.632 17.0
46.372 3.12 -2.626 9.0
46.262 3.115 -2.498 7.0
46.176 3.024 -2.443 5.0
46.185 3.048 -2.445 5.0
46.18 3.091 -2.44 6.0
46.17500000000001 3.051 -2.409 5.0
46.212 3.116 -2.411 6.0
46.183 3.055 -2.39 6.0
46.215 3.123 -2.352 5.0
46.065 3.051 -2.343 13.0
46.65 2.975 -2.521 21.0
46.745 2.931 -2.531 9.0
46.203 3.033 -2.566 5.0
46.201 3.091 -2.536 5.0
46.17800000000001 3.061 -2.351 5.0
46.345 3.123 -2.362 12.0
46.235 3.052 -2.645 1.0
46.218 3.036 -2.615 5.0
46.508 3.106 -2.638 19.0
46.504 3.083 -2.619 12.0
46.6 3.114 -2.597 16.0
46.543 3.129 -2.562 18.0
46.491 3.1 -2.468 15.0
46.49 3.11 -2.465 14.0
46.526 3.099 -2.519 15.0
46.609 3.123 -2.54 13.0
46.393 3.108 -2.508 10.0
46.309 3.12 -2.515 11.0
46.714 3.122 -2.606 19.0
46.213 3.113 -2.391 6.0
46.693 3.122 -2.574 15.0
46.802 3.154 -2.612 8.0
46.757 3.113 -2.538 14.0
46.79400000000001 3.136 -2.49 18.0
46.487 3.099 -2.432 20.0
46.223 3.115 -2.446 6.0
46.532 3.117 -2.417 16.0
46.513 3.038 -2.623 14.0
46.509 3.085 -2.59 9.0
46.494 3.111 -2.586 15.0
46.503 3.071 -2.561 12.0
46.468 3.117 -2.529 10.0
46.503 3.046 -2.481 8.0
46.724 3.113 -2.45 16.0
46.589 3.121 -2.475 14.0
46.795 3.145 -2.582 10.0
46.662 3.115 -2.48 17.0
46.811 3.157 -2.551 10.0
46.44 3.085 -2.41 21.0
46.495 3.11 -2.373 12.0
46.622 3.113 -2.382 12.0
46.823 3.136 -2.494 14.0
46.817 3.14 -2.457 14.0
47.03 3.088 -2.603 11.0
46.836 3.154 -2.355 10.0
46.97 3.152 -2.345 15.0
46.98900000000001 3.147 -2.35 10.0
47.299 3.143 -2.373 16.0
47.066 3.067 -2.563 10.0
47.064 3.151 -2.475 12.0
47.206 3.111 -2.367 20.0
48.434 1.249 -2.775 6.0
48.478 1.403 -2.777 6.0
48.58 1.639 -2.788 6.0
48.596 1.728 -2.789 6.0
48.558 1.687 -2.706 5.0
48.622 1.822 -2.791 7.0
48.624 1.803 -2.731 5.0
49.275 1.63 -2.822 6.0
49.954 1.522 -2.823 5.0
49.996 1.719 -2.822 5.0
48.709 1.826 -2.793 6.0
48.665 1.925 -2.795 8.0
48.642 1.663 -2.731 5.0
48.456 2.121 -2.817 7.0
48.543 2.13 -2.836 7.0
48.52 2.185 -2.821 8.0
48.833 1.957 -2.801 7.0
49.024 1.967 -2.828 6.0
49.101 2.04 -2.832 7.0
49.096 2.049 -2.804 8.0
49.61400000000001 1.209 -2.814 7.0
49.022 2.149 -2.812 8.0
49.07 2.128 -2.841 3.0
48.429 2.56 -2.864 6.0
48.54700000000001 2.55 -2.855 7.0
49.899 1.285 -2.842 5.0
49.287 1.722 -2.823 6.0
48.545 2.619 -2.848 5.0
48.781 2.481 -2.827 2.0
48.829 2.42 -2.854 7.0
49.978 1.618 -2.823 5.0
48.762 1.899 -2.796 7.0
49.258 2.182 -2.842 7.0
49.30300000000001 2.206 -2.814 8.0
48.464 2.066 -2.831 7.0
49.599 2.503 -2.852 7.0
49.34 2.249 -2.847 7.0
48.605 2.213 -2.84 7.0
48.994 2.017 -2.797 3.0
48.891 2.025 -2.804 7.0
49.176 2.115 -2.837 7.0
49.370000000000005 2.26 -2.818 8.0
49.448 2.308 -2.822 8.0
49.6 2.407 -2.831 8.0
49.568 2.487 -2.838 6.0
48.42 2.579 -2.856 6.0
48.61700000000001 2.612 -2.86 7.0
49.67 2.46 -2.835 7.0
49.737 2.516 -2.838 8.0
48.762 2.343 -2.85 7.0
48.66900000000001 2.351 -2.742 4.0
48.454 2.524 -2.843 5.0
50.774 1.249 -2.842 7.0
50.762 1.266 -2.81 6.0
50.043 1.542 -2.856 6.0
50.058 1.641 -2.856 6.0
48.869 2.503 -2.87 4.0
48.896 2.498 -2.858 7.0
50.069 1.652 -2.841 6.0
49.416 2.322 -2.852 7.0
50.033 1.806 -2.824 5.0
50.9 1.383 -2.849 5.0
50.98300000000001 1.582 -2.827 6.0
50.11100000000001 1.854 -2.86 6.0
50.258 2.022 -2.853 8.0
49.49 2.266 -2.842 8.0
49.531 2.339 -2.834 6.0
50.319 2.12 -2.858 9.0
50.381 2.219 -2.863 7.0
50.13 1.826 -2.843 6.0
50.196 1.924 -2.849 7.0
50.335 2.145 -2.841 8.0
50.431000000000004 2.044 -2.844 8.0
50.305 2.464 -2.878 8.0
50.366 2.524 -2.881 8.0
51.556000000000004 2.533 -2.868 7.0
51.565 2.536 -2.852 7.0
50.75 1.25 -2.804 4.0
48.638 2.711 -2.854 6.0
48.689 2.671 -2.865 7.0
48.646 2.767 -2.871 6.0
48.764 2.728 -2.87 6.0
48.607 2.983 -2.872 7.0
50.09 1.736 -2.841 6.0
50.847 1.309 -2.847 6.0
50.92 1.479 -2.823 5.0
51.016 1.675 -2.829 6.0
50.218 2.098 -2.869 7.0
48.627 2.783 -2.836 6.0
48.737 2.77 -2.755 3.0
48.443 2.981 -2.85 3.0
50.078 1.885 -2.826 6.0
50.136 1.954 -2.829 7.0
50.207 2.014 -2.833 7.0
48.73900000000001 2.907 -2.845 6.0
50.405 2.206 -2.845 8.0
50.370000000000005 2.466 -2.883 8.0
50.441 2.577 -2.886 8.0
50.433 2.597 -2.889 6.0
48.786 3.012 -2.85 6.0
48.839 2.785 -2.875 6.0
48.847 2.98 -2.883 5.0
48.572 2.702 -2.866 6.0
48.661 3.141 -2.86 3.0
48.754 3.165 -2.879 7.0
48.747 2.777 -2.862 5.0
48.805 3.065 -2.849 4.0
48.447 3.238 -2.774 8.0
48.947 3.169 -2.872 4.0
48.648 2.893 -2.839 5.0
48.96 3.208 -2.853 5.0
49.116 3.161 -2.89 5.0
49.171 3.236 -2.893 6.0
48.833 2.879 -2.867 5.0
48.651 3.045 -2.874 7.0
48.931000000000004 3.182 -2.782 4.0
49.179 3.028 -2.847 5.0
49.193 3.219 -2.817 5.0
49.281 2.829 -2.883 6.0
48.806000000000004 3.226 -2.882 7.0
49.255 2.873 -2.868 6.0
49.36 2.894 -2.888 5.0
49.373 3.013 -2.875 5.0
49.445 2.943 -2.875 7.0
48.847 3.207 -2.855 6.0
49.502 3.007 -2.878 6.0
49.41900000000001 3.093 -2.877 5.0
49.493 3.216 -2.905 3.0
49.462 3.176 -2.879 5.0
49.133 3.189 -2.909 4.0
49.603 3.136 -2.882 6.0
49.252 3.242 -2.854 6.0
49.517 3.248 -2.881 5.0
49.353 2.885 -2.868 6.0
49.314 2.943 -2.871 5.0
49.477 3.066 -2.894 5.0
49.563 3.07 -2.881 6.0
49.541 3.145 -2.898 5.0
49.586 3.244 -2.899 5.0
49.207 3.13 -2.85 6.0
50.24200000000001 3.143 -2.901 2.0
50.238 3.16 -2.91 6.0
50.79700000000001 3.195 -2.925 6.0
50.731 3.194 -2.892 5.0
50.836 3.326 -2.896 6.0
51.312 3.078 -2.902 4.0
51.369 3.152 -2.905 6.0
51.346 3.249 -2.941 5.0
51.383 3.322 -2.942 5.0
51.46 3.302 -2.908 6.0
51.48900000000001 3.378 -2.907 6.0
50.333 3.202 -2.907 2.0
50.84 3.32 -2.929 6.0
51.39 3.074 -2.905 5.0
51.42500000000001 3.161 -2.906 3.0
51.423 3.227 -2.907 6.0
51.431000000000004 3.391 -2.944 5.0
51.653 2.59 -2.857 7.0
