44.48600000000001 -365.098 8.676 0.0
44.452 -365.106 8.728 1.0
44.453 -364.731 8.699 1.0
44.434 -364.225 8.679 1.0
44.438 -364.094 8.691 1.0
44.421 -363.358 8.66 1.0
44.42800000000001 -363.314 8.67 1.0
44.397 -363.194 8.683 1.0
44.415 -363.194 8.697000000000001 1.0
44.379 -362.657 8.613 1.0
44.397 -362.642 8.707 1.0
44.444 -365.07 8.696 1.0
44.434 -364.7510000000001 8.673 1.0
44.445 -364.663 8.723 1.0
44.413 -362.74 8.684000000000001 1.0
44.398 -362.611 8.689 1.0
44.414 -362.2390000000001 8.657 0.0
44.374 -362.26 8.665000000000001 1.0
44.351 -361.558 8.672 1.0
44.36100000000001 -361.571 8.693 1.0
44.377 -361.455 8.671 1.0
44.36700000000001 -361.463 8.723 0.0
44.36 -361.027 8.703 1.0
44.339 -360.464 8.646 1.0
44.371 -360.455 8.661 1.0
44.311 -359.644 8.707 1.0
44.329 -359.418 8.729000000000001 2.0
44.391 -362.31 8.675 1.0
44.378 -361.557 8.672 1.0
44.35800000000001 -361.118 8.708 1.0
44.344 -360.623 8.64 2.0
44.326 -360.63 8.649000000000001 1.0
44.33 -360.318 8.703 1.0
44.342 -359.635 8.678 0.0
44.322 -359.432 8.685 1.0
44.321 -359.368 8.647 2.0
44.24200000000001 -357.873 8.502 0.0
44.292 -358.949 8.676 1.0
44.315 -358.942 8.693 1.0
44.31 -358.676 8.66 2.0
44.291 -358.551 8.642 1.0
44.28 -358.575 8.682 3.0
44.249 -358.036 8.527000000000001 0.0
44.312 -358.028 8.642 0.0
44.292 -357.941 8.663 1.0
44.221 -357.833 8.552 0.0
44.267 -357.793 8.63 2.0
44.269 -357.699 8.581 2.0
44.27 -357.691 8.581 1.0
44.275 -357.343 8.733 0.0
44.299 -359.008 8.694 2.0
44.311 -358.694 8.651 1.0
44.26 -358.086 8.563 0.0
44.229 -357.79 8.522 0.0
44.26 -357.308 8.643 0.0
44.256 -357.205 8.669 3.0
45.327 -356.125 9.72 18.0
45.36100000000001 -356.155 9.806 138.0
45.482 -356.1740000000001 9.794 2.0
45.445 -356.205 9.828 4.0
45.355 -356.142 9.804 10.0
45.455 -356.2630000000001 9.846 1.0
45.488 -356.19 9.815 2.0
44.251 -355.428 8.692 1.0
44.277 -355.372 8.662 2.0
44.235 -354.94 8.672 1.0
44.22 -354.559 8.565 2.0
44.28 -355.464 8.638 1.0
44.249 -354.742 8.654 1.0
44.222 -354.554 8.626 1.0
44.201 -353.865 8.598 2.0
44.2 -353.855 8.697000000000001 0.0
44.188 -353.998 8.718 5.0
44.215 -353.475 8.641 2.0
44.234 -353.417 8.676 0.0
44.206 -353.222 8.667 1.0
44.198 -353.1860000000001 8.675 1.0
44.219 -352.677 8.596 4.0
44.2 -352.705 8.64 1.0
44.198 -351.475 8.59 1.0
44.241 -351.505 8.583 1.0
44.197 -353.964 8.573 2.0
44.222 -353.869 8.655 1.0
44.185 -353.423 8.656 1.0
44.2 -352.949 8.617 1.0
44.202 -352.946 8.619 0.0
44.217 -352.835 8.613 0.0
44.182 -351.423 8.676 1.0
44.23300000000001 -351.377 8.611 0.0
44.226 -351.3640000000001 8.641 2.0
44.93 -386.9120000000001 9.591000000000003 5.0
44.967 -386.907 9.582 8.0
44.948 -386.882 9.583 2.0
44.969 -386.816 9.595 3.0
44.962 -386.435 9.55 0.0
44.883 -383.827 9.392 1.0
44.897 -383.795 9.369 2.0
44.878 -382.848 9.283 0.0
44.86700000000001 -382.157 9.248 1.0
44.833 -382.111 9.273 1.0
44.869 -383.0490000000001 9.316 0.0
44.898 -383.779 9.355 2.0
44.844 -382.142 9.283 1.0
44.857 -382.84 9.324 1.0
44.849 -382.867 9.348 0.0
44.795 -381.163 9.279 0.0
44.84 -381.134 9.261000000000003 0.0
44.815 -380.226 9.163 1.0
44.73900000000001 -378.632 9.117 1.0
44.807 -381.2630000000001 9.227 2.0
44.834 -380.298 9.146 1.0
44.782 -378.653 9.101 1.0
44.781 -378.598 9.137 1.0
