22.091 -373.076 5.21 31.0
22.09 -373.069 5.212 108.0
21.976 -373.132 5.31 16.0
22.005 -373.133 5.27 36.0
22.026 -373.091 5.271 30.0
22.098 -373.076 5.231 50.0
22.078 -373.072 5.241000000000001 8.0
22.079 -373.053 5.269 29.0
22.049 -373.005 5.272 34.0
22.046 -373.023 5.304 12.0
22.092 -373.0490000000001 5.311 34.0
22.039 -372.923 5.302 12.0
22.19 -373.1500000000001 5.183 81.0
22.104 -373.07 5.24 29.0
21.931 -373.294 5.443000000000001 6.0
21.929000000000006 -373.282 5.435 9.0
21.937 -373.268 5.463 19.0
21.942 -373.31 5.511 23.0
21.966 -373.274 5.484 5.0
21.955 -373.266 5.511 31.0
21.942 -373.2990000000001 5.53 5.0
21.963 -373.288 5.533 3.0
21.942 -373.282 5.593 255.0
21.963 -373.267 5.619 5.0
21.966 -373.267 5.614 12.0
21.945 -373.259 5.621 157.0
21.932000000000006 -373.285 5.648 18.0
21.94 -373.255 5.655 73.0
21.937 -373.256 5.686 13.0
21.926 -373.291 5.71 4.0
21.927 -373.27 5.709000000000001 48.0
21.942 -373.254 5.706 48.0
21.966 -373.176 5.341 13.0
21.977 -373.175 5.358000000000001 125.0
21.936 -373.2510000000001 5.414 9.0
21.961000000000006 -373.219 5.385 67.0
21.958 -373.202 5.394 13.0
21.974 -373.172 5.384 63.0
21.988 -373.165 5.374000000000001 9.0
21.973 -373.189 5.408 19.0
21.959 -373.199 5.412 22.0
21.992 -373.107 5.338 14.0
21.973 -373.149 5.364 21.0
21.991 -373.129 5.358000000000001 114.0
21.991 -373.086 5.362 20.0
21.998 -373.129 5.383 59.0
21.986 -373.129 5.39 13.0
21.976 -373.142 5.41 23.0
21.984 -373.145 5.408 23.0
21.999 -373.101 5.409 20.0
21.996000000000006 -373.088 5.409 22.0
22.024 -373.066 5.336 22.0
22.008 -373.084 5.357 108.0
22.032 -373.1020000000001 5.369 13.0
22.048 -373.057 5.359 30.0
22.099 -373.057 5.328 33.0
22.063 -373.055 5.355 24.0
22.078 -373.0610000000001 5.357 33.0
22.004 -373.077 5.383 61.0
22.011 -373.054 5.387 27.0
22.028 -373.054 5.418 28.0
22.076 -373.057 5.38 29.0
22.07 -373.056 5.406 35.0
21.952 -373.235 5.433 32.0
21.947 -373.246 5.443000000000001 12.0
21.964000000000006 -373.22 5.427 43.0
21.975 -373.233 5.462 91.0
21.957 -373.226 5.463 47.0
21.971 -373.1860000000001 5.432 31.0
21.959 -373.199 5.444 13.0
21.977 -373.169 5.426 42.0
21.965 -373.182 5.464 52.0
21.994 -373.191 5.462 105.0
21.955 -373.2510000000001 5.507 8.0
21.976 -373.224 5.511 31.0
21.998 -373.179 5.483000000000001 7.0
21.97 -373.191 5.507 8.0
21.985 -373.18 5.512 33.0
21.971 -373.152 5.444 13.0
21.988 -373.135 5.431 30.0
21.993000000000006 -373.121 5.425 40.0
22.001 -373.082 5.43 29.0
22.002 -373.1380000000001 5.512 34.0
21.997 -373.125 5.506 9.0
22.005 -373.147 5.462 110.0
22.024 -373.104 5.462 127.0
22.006 -373.071 5.424 40.0
22.039 -373.0610000000001 5.462 80.0
22.014 -373.1140000000001 5.482 11.0
22.033 -373.116 5.481 25.0
22.015 -373.095 5.513 35.0
22.068 -373.057 5.51 29.0
22.032 -373.053 5.335 29.0
22.036 -373.051 5.362 27.0
22.098 -373.048 5.331 27.0
22.066 -373.044 5.358000000000001 30.0
22.076 -373.04 5.37 105.0
22.069 -373.015 5.359 11.0
22.037 -372.961 5.332 12.0
22.046 -372.975 5.336 41.0
22.062 -373.003 5.37 17.0
22.037 -372.993 5.356 78.0
22.037 -372.967 5.358000000000001 12.0
22.024 -373.0130000000001 5.375 19.0
22.054000000000006 -373.035 5.391 29.0
22.029 -373.043 5.407 24.0
22.093 -373.039 5.406 84.0
22.025000000000006 -373.0130000000001 5.41 35.0
22.043 -373.011 5.411 22.0
22.039 -372.985 5.381 49.0
22.033 -372.9770000000001 5.405 17.0
22.044 -372.969 5.411 23.0
22.051 -372.947 5.356 78.0
22.066 -372.901 5.355 85.0
22.044 -372.915 5.404 21.0
22.053 -372.938 5.38 48.0
22.066 -372.92 5.374000000000001 8.0
22.056 -372.925 5.411 23.0
22.056 -372.898 5.38 12.0
22.071 -372.892 5.379 51.0
22.067 -372.879 5.412 23.0
22.065 -372.861 5.402 19.0
22.072 -372.8760000000001 5.42 32.0
21.941 -373.005 5.514 34.0
21.933 -373.0010000000001 5.514 34.0
22.031 -373.04 5.428 24.0
22.051 -373.038 5.422 31.0
22.02 -373.009 5.445 20.0
22.036 -373.004 5.433 14.0
22.066 -373.046 5.441 27.0
22.085 -373.05 5.427 116.0
22.084 -373.045 5.43 82.0
22.059 -373.019 5.462 72.0
22.031 -372.979 5.427 24.0
22.059 -372.972 5.463 196.0
22.04 -372.974 5.422 31.0
22.043 -372.969 5.465 71.0
22.025000000000006 -373.038 5.479 25.0
22.045 -373.005 5.482 21.0
22.052 -373.006 5.483000000000001 21.0
22.05 -373.01 5.513 41.0
22.061 -373.03 5.481 35.0
22.079 -373.045 5.475000000000001 53.0
22.094 -373.035 5.477 114.0
22.1 -373.039 5.478 56.0
22.033 -373.003 5.506 25.0
22.056 -373.01 5.477 27.0
22.085 -373.031 5.501 63.0
22.065 -373.064 5.462 36.0
22.068 -372.986 5.482 31.0
22.059 -372.995 5.516 30.0
22.056 -372.966 5.514 39.0
22.052 -372.93 5.426 35.0
22.049 -372.915 5.446 14.0
22.058 -372.926 5.421 39.0
22.066 -372.877 5.425 26.0
22.091 -372.886 5.463 255.0
22.062 -372.869 5.446 15.0
22.047 -372.922 5.478 26.0
22.086000000000006 -372.906 5.48 7.0
22.079 -372.904 5.484 11.0
22.073 -372.9240000000001 5.514 40.0
22.075 -372.879 5.515 41.0
21.992 -373.209 5.549 5.0
21.983 -373.188 5.528 5.0
21.963 -373.24 5.592000000000001 255.0
21.97 -373.193 5.593 255.0
21.99 -373.19800000000004 5.573 14.0
21.982 -373.065 5.557 19.0
21.951 -373.14 5.62 8.0
22.001 -373.152 5.573 15.0
21.984 -373.148 5.593 255.0
22.089000000000006 -373.056 5.57 21.0
21.99 -373.122 5.62 115.0
22.025000000000006 -373.106 5.573 15.0
22.003 -373.105 5.592000000000001 255.0
22.019 -373.115 5.614 12.0
22.017 -373.0610000000001 5.592000000000001 255.0
22.007 -373.078 5.619 107.0
22.047 -373.062 5.613 9.0
21.942 -373.24 5.649 19.0
21.935 -373.242 5.665 14.0
21.962 -373.214 5.621 138.0
21.957 -373.209 5.654 65.0
21.966 -373.206 5.663 7.0
21.942 -373.175 5.662 9.0
21.952 -373.169 5.663 13.0
21.972 -373.167 5.621 123.0
21.961000000000006 -373.196 5.649 18.0
21.97 -373.161 5.654 61.0
21.945 -373.209 5.687 13.0
21.932000000000006 -373.248 5.695 18.0
21.938 -373.234 5.719 22.0
21.947 -373.228 5.709000000000001 51.0
21.962 -373.207 5.705 44.0
21.947 -373.217 5.707 13.0
21.953 -373.188 5.694 17.0
21.982 -373.188 5.69 8.0
21.965 -373.161 5.687 12.0
21.959 -373.185 5.709000000000001 52.0
21.964000000000006 -373.184 5.717000000000001 21.0
21.969 -373.084 5.658 11.0
21.975 -373.157 5.704 42.0
22.001 -373.063 5.65 20.0
21.971 -373.172 5.718 30.0
21.971 -373.124 5.692 16.0
21.977 -373.113 5.687 12.0
21.975 -373.151 5.704 13.0
21.975 -373.142 5.709000000000001 55.0
21.974 -373.123 5.716 20.0
21.992 -373.108 5.703 39.0
21.991 -373.123 5.717000000000001 28.0
21.995 -373.066 5.69 16.0
21.987 -373.099 5.71 55.0
21.996000000000006 -373.077 5.702 12.0
22.002 -373.056 5.702 38.0
21.995 -373.068 5.715 19.0
22.011 -373.11 5.66 7.0
22.001 -373.068 5.717000000000001 27.0
22.004 -373.069 5.652 59.0
22.049 -373.057 5.682 15.0
22.011 -373.1020000000001 5.712 98.0
22.008 -373.057 5.709000000000001 43.0
22.026 -373.059 5.712 109.0
21.897000000000006 -372.993 5.553 15.0
21.915 -372.978 5.568000000000001 29.0
21.983 -372.996 5.602 36.0
22.045 -373.011 5.529 32.0
22.027 -373.028 5.554 29.0
22.049 -373.018 5.558 55.0
22.077 -373.033 5.521 106.0
22.099 -373.044 5.522 84.0
22.1 -373.036 5.54 88.0
22.098 -373.03 5.541 113.0
22.026 -373.003 5.526 23.0
22.053 -373.0 5.556 29.0
22.047 -372.998 5.546 28.0
22.047 -372.98 5.547 26.0
22.047 -373.042 5.618 47.0
22.078 -373.032 5.59 27.0
22.045 -373.01 5.614 34.0
22.053 -373.015 5.574 28.0
22.062 -373.029 5.612 30.0
22.101 -373.039 5.607 62.0
22.08 -373.008 5.612 39.0
22.047 -372.973 5.592000000000001 255.0
22.032 -372.984 5.619 67.0
22.065 -372.97 5.574 16.0
22.075 -372.974 5.612 13.0
22.066 -372.966 5.614 19.0
22.081 -372.883 5.523 5.0
22.081 -372.88 5.527 4.0
22.098 -372.871 5.543 5.0
22.047 -372.939 5.619 79.0
22.077 -372.926 5.575 16.0
22.062 -372.928 5.592000000000001 217.0
22.075 -372.918 5.615 13.0
22.077 -372.884 5.592000000000001 180.0
22.094 -372.88 5.575 16.0
22.061 -372.893 5.618 69.0
22.081 -372.8880000000001 5.611 5.0
21.997 -373.033 5.659 24.0
22.025000000000006 -373.033 5.653 24.0
22.003 -373.01 5.652 34.0
21.972 -373.151 5.649 20.0
22.033 -373.027 5.651 39.0
21.977 -373.104 5.661 12.0
21.99 -373.107 5.649 19.0
21.987 -373.115 5.653 61.0
22.068 -373.018 5.646 26.0
22.06 -373.012 5.656 77.0
22.065 -373.011 5.655 20.0
22.024 -372.974 5.66 17.0
22.036 -372.975 5.65 28.0
22.036 -372.974 5.651 32.0
22.051 -372.964 5.659 10.0
22.04 -373.026 5.687 32.0
22.034 -373.014 5.684 37.0
22.018 -373.016 5.713 25.0
22.039 -373.026 5.699 25.0
22.029 -373.0130000000001 5.701000000000001 33.0
22.01 -373.0010000000001 5.67 35.0
22.028 -373.024 5.715 28.0
22.023 -372.972 5.686 15.0
22.048 -373.019 5.708 41.0
22.038 -372.975 5.687 21.0
22.029 -372.969 5.71 73.0
22.048 -372.969 5.712 16.0
22.058 -372.992 5.683 39.0
22.069 -372.987 5.712 19.0
22.057000000000006 -372.971 5.699 23.0
22.054000000000006 -372.972 5.712 193.0
22.039 -372.931 5.651 26.0
22.071 -372.933 5.632 7.0
22.05 -372.927 5.65 46.0
22.047 -372.9000000000001 5.655 12.0
22.048 -372.879 5.646 3.0
22.059 -372.885 5.651 24.0
22.07 -372.879 5.657 7.0
22.06 -372.877 5.65 44.0
22.032 -372.939 5.687 18.0
22.04 -372.9240000000001 5.686 14.0
22.042 -372.931 5.697 11.0
22.046 -372.927 5.71 76.0
22.045 -372.911 5.714 24.0
22.053 -372.911 5.699 32.0
22.066 -372.928 5.713 229.0
22.048 -372.86 5.68 8.0
22.049 -372.878 5.687 13.0
22.057000000000006 -372.881 5.685 15.0
22.08 -372.89 5.684 7.0
22.067 -372.859 5.694 11.0
22.053 -372.903 5.711 18.0
21.932000000000006 -373.27 5.721 17.0
22.055 -372.883 5.711 77.0
21.947 -373.273 5.769 1.0
22.067 -372.861 5.699 30.0
22.066 -372.862 5.713 23.0
21.951 -373.221 5.72 32.0
21.969 -373.226 5.755 7.0
21.963 -373.212 5.769 9.0
21.924 -373.202 5.763 11.0
21.943 -373.201 5.764 15.0
21.974 -373.182 5.756 31.0
21.933 -373.236 5.773 11.0
21.944 -373.228 5.78 26.0
21.953 -373.17 5.78 25.0
21.961000000000006 -373.164 5.77 11.0
21.992 -373.16 5.814 14.0
21.907 -373.147 5.744 6.0
21.959 -373.131 5.762 14.0
21.995 -373.14 5.756 30.0
21.986 -373.148 5.768 8.0
21.953 -373.1260000000001 5.759 11.0
21.985 -373.089 5.767 11.0
21.986 -373.072 5.76 14.0
21.973 -373.118 5.779 23.0
21.966 -373.109 5.802 11.0
21.993000000000006 -373.067 5.778 23.0
22.028 -373.07300000000004 5.731 9.0
22.004 -373.096 5.756 34.0
22.024 -373.077 5.807 3.0
22.028 -373.068 5.814 14.0
22.005 -373.086 5.767 8.0
21.952 -373.236 5.848 81.0
21.97 -373.193 5.848 255.0
21.991 -373.1380000000001 5.837 5.0
21.981 -373.147 5.848 255.0
21.998 -373.129 5.861 11.0
21.992 -373.1020000000001 5.848 255.0
21.988 -373.118 5.882000000000001 73.0
21.982 -373.113 5.89 17.0
22.002 -373.072 5.882000000000001 71.0
21.993000000000006 -373.069 5.89 20.0
22.014 -373.06 5.848 255.0
22.019 -373.078 5.86 12.0
21.951 -373.019 5.767 8.0
21.976 -373.044 5.757000000000001 11.0
21.992 -373.023 5.799 12.0
22.022000000000006 -373.053 5.756 33.0
22.027 -373.009 5.757000000000001 32.0
22.021 -373.0250000000001 5.763 15.0
22.02 -373.019 5.758 20.0
22.023 -372.965 5.729 11.0
22.098 -373.005 5.739 58.0
22.047 -372.972 5.732 13.0
22.011 -372.974 5.753 10.0
22.049 -372.967 5.757000000000001 34.0
22.067 -372.9890000000001 5.722 31.0
22.058 -372.972 5.744 14.0
22.013 -373.015 5.777 25.0
22.019 -373.009 5.797 29.0
22.044 -372.972 5.794 11.0
22.063 -372.984 5.774 17.0
22.052 -372.978 5.814 15.0
21.95 -373.0610000000001 5.743 5.0
22.031 -372.944 5.756 12.0
22.044 -372.947 5.761 10.0
22.072 -372.917 5.731 10.0
22.059 -372.9240000000001 5.757000000000001 38.0
22.028 -372.882 5.75 10.0
22.048 -372.874 5.755 12.0
22.069 -372.881 5.758 39.0
22.059 -372.86 5.758 10.0
22.045 -372.905 5.775 20.0
22.061 -372.951 5.776 8.0
22.072 -372.933 5.814 15.0
22.065 -372.854 5.774 20.0
22.053 -372.863 5.792 8.0
22.08 -372.8880000000001 5.814 16.0
22.021 -373.0370000000001 5.834000000000001 7.0
22.044 -372.971 5.847 248.0
22.025000000000006 -373.014 5.848 255.0
22.04 -373.027 5.859 11.0
22.057000000000006 -372.9770000000001 5.859 13.0
22.016 -373.026 5.881 57.0
22.052 -372.9240000000001 5.848 188.0
22.055 -372.935 5.83 6.0
22.075 -372.928 5.863 5.0
22.078 -372.926 5.858000000000001 12.0
22.087 -372.878 5.858000000000001 13.0
22.085 -372.915 5.872 4.0
21.999 -373.01 5.958 0.0
22.107 -373.06 5.328 30.0
22.103 -373.056 5.369 32.0
22.119 -373.028 5.675 58.0
22.081 -372.842 5.379 48.0
22.079 -372.838 5.413 25.0
22.086000000000006 -372.826 5.419 34.0
22.08 -372.802 5.401 20.0
22.083 -372.826 5.423 25.0
22.078 -372.839 5.466 90.0
22.079 -372.822 5.446 15.0
22.095 -372.797 5.466 75.0
22.093 -372.776 5.447 16.0
22.099 -372.793 5.516 46.0
22.102 -372.836 5.576000000000001 17.0
22.085 -372.838 5.592000000000001 148.0
22.072 -372.845 5.618 64.0
22.101 -372.794 5.592000000000001 129.0
22.091 -372.801 5.617 58.0
22.102 -372.754 5.617 57.0
22.071 -372.843 5.652 22.0
22.078 -372.831 5.649 40.0
22.068 -372.829 5.653 11.0
22.086000000000006 -372.8 5.652 22.0
22.097 -372.797 5.656 7.0
22.096 -372.785 5.648 39.0
22.102 -372.756 5.652 24.0
22.07 -372.831 5.686 14.0
22.073 -372.815 5.684 13.0
22.076 -372.842 5.71 80.0
22.061 -372.839 5.71 17.0
22.079 -372.785 5.686 14.0
22.085 -372.812 5.698 31.0
22.084 -372.779 5.692 11.0
22.08 -372.809 5.712 24.0
22.085 -372.798 5.711 88.0
22.08 -372.782 5.709000000000001 17.0
22.09 -372.749 5.682 15.0
22.099 -372.762 5.697 29.0
22.094 -372.754 5.711 93.0
22.098 -372.759 5.71 21.0
22.101 -372.7270000000001 5.707 10.0
22.083 -372.838 5.758 21.0
22.068 -372.807 5.753 13.0
22.095 -372.784 5.763 9.0
22.083 -372.8 5.773 20.0
22.091 -372.743 5.751 9.0
22.078 -372.835 5.848 129.0
22.116 -372.798 5.463 255.0
22.113 -372.817 5.479 7.0
22.118000000000006 -372.798 5.484 12.0
22.107 -372.761 5.506 10.0
22.122 -372.752 5.516 38.0
22.11 -372.786 5.521 7.0
22.115 -372.791 5.576000000000001 17.0
22.1 -372.85 5.484 12.0
22.078 -372.812 5.475000000000001 22.0
22.097 -372.838 5.515 44.0
12.062 -373.857 5.003 7.0
12.093 -373.827 5.025 10.0
12.115 -373.826 5.035 2.0
12.083 -373.821 5.081 4.0
12.125 -373.85 5.078 14.0
12.025 -373.969 5.144 64.0
12.034 -373.967 5.227 62.0
12.011000000000003 -374.043 5.304 35.0
12.036 -373.996 5.31 67.0
12.051 -373.971 5.26 47.0
12.04 -373.963 5.302 64.0
12.039 -373.963 5.305 68.0
12.063 -373.883 5.225000000000001 59.0
12.082 -373.897 5.261 63.0
12.059000000000003 -373.935 5.272 55.0
12.063 -373.923 5.31 69.0
12.076 -373.8880000000001 5.301 73.0
12.067 -373.877 5.302 63.0
12.109 -373.8520000000001 5.273 16.0
12.118 -373.856 5.31 18.0
12.085 -373.814 5.141 34.0
12.114 -373.815 5.173 5.0
12.101 -373.731 5.139 57.0
12.115 -373.712 5.221 46.0
12.089 -373.798 5.223 55.0
12.102 -373.807 5.299 37.0
12.103 -373.778 5.275 58.0
12.1 -373.793 5.3 57.0
12.106 -373.7750000000001 5.311 71.0
12.116 -373.748 5.265 39.0
12.109 -373.675 5.229 44.0
12.118 -373.72 5.298 52.0
12.125 -373.699 5.277 41.0
12.119 -373.7 5.297 66.0
12.122 -373.699 5.311 73.0
12.152000000000003 -373.845 5.071 15.0
12.168000000000003 -373.855 5.139 13.0
12.153 -373.861 5.182 11.0
12.029 -374.015 5.27 53.0
12.141 -373.6380000000001 5.296 57.0
12.028 -374.059 5.486 20.0
12.044 -374.057 5.59 8.0
12.021 -374.016 5.368 75.0
12.036 -373.987 5.336 72.0
12.008 -374.0130000000001 5.387 70.0
12.014000000000001 -374.033 5.417 33.0
12.030000000000001 -374.011 5.415 83.0
12.043000000000003 -374.04 5.349 44.0
12.042 -373.96 5.417 75.0
12.031 -373.945 5.393 69.0
12.037 -373.931 5.386 70.0
12.058 -373.9120000000001 5.336 71.0
12.047 -373.939 5.367 71.0
12.112 -373.869 5.353 32.0
12.07 -373.86 5.366000000000001 47.0
12.051 -373.935 5.414 78.0
12.076 -373.867 5.39 39.0
12.08 -373.857 5.384 34.0
12.014000000000001 -374.015 5.452 77.0
12.064 -373.884 5.416 73.0
12.079 -373.86 5.414 52.0
12.048 -373.985 5.487 73.0
12.068 -373.991 5.501 49.0
12.056 -373.956 5.511 55.0
12.041 -373.94 5.452 76.0
12.073 -373.911 5.488 75.0
12.111 -373.846 5.335 20.0
12.126 -373.846 5.341 22.0
12.106 -373.764 5.336 71.0
12.119 -373.761 5.345 53.0
12.097 -373.783 5.365 67.0
12.127 -373.788 5.355 56.0
12.061 -373.841 5.385 34.0
12.116 -373.817 5.415 20.0
12.082 -373.8 5.41 35.0
12.088 -373.764 5.382 66.0
12.088 -373.767 5.387 66.0
12.096 -373.782 5.413 73.0
12.114 -373.701 5.364 69.0
12.125 -373.689 5.336 73.0
12.115 -373.735 5.415 52.0
12.132 -373.735 5.418 18.0
12.121 -373.707 5.413 77.0
12.111 -373.679 5.38 67.0
12.114 -373.675 5.384 67.0
12.092 -373.7870000000001 5.451000000000001 47.0
12.126 -373.842 5.488 17.0
12.115 -373.764 5.49 76.0
12.106 -373.779 5.515 57.0
12.13 -373.778 5.505 50.0
12.109 -373.707 5.451000000000001 74.0
12.137 -373.69 5.491000000000001 76.0
12.134 -373.69 5.517 56.0
12.072 -373.959 5.577 51.0
12.07 -373.943 5.581 47.0
12.1 -373.921 5.617 53.0
12.092 -373.8880000000001 5.578 32.0
12.092 -373.894 5.593 59.0
12.048 -373.94800000000004 5.671 76.0
12.102 -373.851 5.492 18.0
12.091000000000003 -373.865 5.512 30.0
12.122 -373.873 5.502 27.0
12.072 -373.875 5.672 72.0
12.113 -373.826 5.583 36.0
12.111 -373.813 5.58 21.0
12.13 -373.8110000000001 5.593 23.0
12.131 -373.834 5.617 41.0
12.131 -373.723 5.585 50.0
12.133 -373.734 5.596 62.0
12.132 -373.804 5.644 36.0
12.104 -373.802 5.673 43.0
12.068 -373.734 5.631 54.0
12.112 -373.7270000000001 5.674 84.0
12.142 -373.707 5.358000000000001 60.0
12.146 -373.6620000000001 5.348 52.0
12.147 -373.7510000000001 5.619 60.0
12.134 -373.621 5.363 44.0
12.143 -373.63 5.412 66.0
9.755 -362.491 5.135 28.0
9.713 -362.414 5.11 34.0
9.731 -362.3640000000001 5.105 64.0
9.724 -362.455 5.156 57.0
9.72 -362.414 5.123 63.0
9.709 -362.45 5.206 75.0
9.708 -362.397 5.187 65.0
9.74 -362.389 5.131 43.0
9.74 -362.362 5.204 59.0
9.649 -362.298 5.179 48.0
9.725 -362.463 5.3 57.0
9.738 -362.3640000000001 5.235 77.0
9.81 -362.391 4.986 8.0
9.755 -362.304 5.105 39.0
9.765 -362.461 5.124 66.0
9.798 -362.396 5.122 46.0
9.765 -362.428 5.129 44.0
9.751 -362.4360000000001 5.204 53.0
9.79 -362.381 5.125 52.0
9.772 -362.375 5.154 56.0
9.797 -362.351 5.131 54.0
9.804 -362.361 5.138 32.0
9.816 -362.383 5.166 24.0
9.753 -362.335 5.123 67.0
9.769 -362.31 5.132 48.0
9.834 -362.305 5.125 64.0
9.78 -362.353 5.205 56.0
9.774 -362.437 5.263 68.0
9.763 -362.405 5.269 86.0
9.791 -362.459 5.299 37.0
9.789 -362.446 5.298 67.0
9.783 -362.414 5.277 78.0
9.799 -362.326 5.268 69.0
9.821 -362.34 5.265 64.0
9.765 -362.372 5.297 53.0
9.82 -362.356 5.3 66.0
9.833 -362.271 5.132 44.0
9.803 -362.285 5.153 67.0
9.778 -362.278 5.203 77.0
9.821 -362.271 5.206 51.0
9.81 -362.185 5.177 9.0
9.786 -362.266 5.231 87.0
9.845 -362.249 5.267 20.0
9.836 -362.247 5.268 78.0
9.746 -362.242 5.303 50.0
9.806 -362.281 5.294 85.0
9.87 -362.242 5.296 5.0
9.743 -362.486 5.323 21.0
9.736 -362.4240000000001 5.331 86.0
9.737 -362.421 5.347 82.0
9.743 -362.362 5.371 59.0
9.724 -362.322 5.45 44.0
9.778 -362.408 5.323 88.0
9.799 -362.428 5.326000000000001 15.0
9.752 -362.486 5.384 55.0
9.773 -362.42 5.383 80.0
9.791 -362.406 5.383 74.0
9.813 -362.331 5.278 53.0
9.756 -362.386 5.324 72.0
9.757 -362.375 5.333 60.0
9.749 -362.338 5.329 47.0
9.767 -362.331 5.329 67.0
9.751 -362.319 5.335 37.0
9.813 -362.33 5.324 68.0
9.777000000000003 -362.327 5.343 54.0
9.794 -362.295 5.322 83.0
9.747 -362.375 5.403 77.0
9.761000000000003 -362.374 5.397 53.0
9.819 -362.32 5.383 50.0
9.808 -362.341 5.384 43.0
9.797 -362.294 5.397 69.0
9.756 -362.44800000000004 5.469 75.0
9.796 -362.428 5.44 61.0
9.827 -362.392 5.461 28.0
9.809000000000003 -362.409 5.511 29.0
9.779 -362.368 5.471 63.0
9.835 -362.33 5.512 32.0
9.85 -362.317 5.442 52.0
9.763 -362.281 5.334000000000001 31.0
9.802 -362.281 5.329 73.0
9.818 -362.2510000000001 5.326000000000001 84.0
9.845 -362.252 5.325 85.0
9.795 -362.28 5.4 85.0
9.839 -362.262 5.385 78.0
9.823 -362.289 5.472 75.0
9.828 -362.203 5.496 14.0
9.873 -362.252 5.513 24.0
9.816 -362.37 5.523 69.0
9.851 -362.291 5.523 63.0
27.271 -357.154 5.206 22.0
27.263 -357.146 5.22 76.0
27.257 -357.12 5.208 255.0
27.256 -357.11 5.216 255.0
27.271 -357.12 5.22 255.0
27.258 -357.145 5.251 255.0
27.249000000000002 -357.133 5.257 255.0
27.263 -357.116 5.251 255.0
27.264 -357.117 5.273 255.0
27.253 -357.156 5.318000000000001 255.0
27.246000000000006 -357.123 5.317 255.0
27.254 -357.129 5.318000000000001 255.0
27.262 -357.1140000000001 5.311 255.0
27.246000000000006 -357.098 5.182 255.0
27.248 -357.097 5.176 47.0
27.242 -357.071 5.178 71.0
27.267 -357.093 5.221 255.0
27.256 -357.075 5.208 255.0
27.231 -357.046 5.18 167.0
27.259 -357.075 5.217000000000001 255.0
27.243000000000006 -357.0490000000001 5.182 255.0
27.254 -357.03 5.209000000000001 255.0
27.249000000000002 -357.031 5.219 255.0
27.226 -356.993 5.182 255.0
27.223 -356.967 5.183 255.0
27.245 -356.995 5.182 255.0
27.25 -356.988 5.21 255.0
27.249000000000002 -356.994 5.22 255.0
27.235 -356.9770000000001 5.219 255.0
27.239 -356.948 5.183 255.0
27.252 -356.941 5.209000000000001 255.0
27.246000000000006 -356.954 5.221 255.0
27.264 -357.067 5.222 255.0
27.248 -357.107 5.258 255.0
27.265 -357.087 5.252 255.0
27.267 -357.087 5.267 255.0
27.259 -357.0610000000001 5.253 255.0
27.244 -357.079 5.259 255.0
27.259 -357.085 5.274 255.0
27.251 -357.103 5.319 255.0
27.236 -357.055 5.226 255.0
27.264 -357.039 5.223 255.0
27.261 -357.014 5.224 255.0
27.244 -357.077 5.321 255.0
27.24 -357.052 5.261 255.0
27.257 -357.084 5.312 255.0
27.255 -357.06 5.317 255.0
27.257 -357.034 5.254 255.0
27.243000000000006 -357.0250000000001 5.261 255.0
27.256 -357.05 5.275 255.0
27.257 -357.0130000000001 5.275 255.0
27.259 -357.051 5.313 255.0
27.263 -357.059 5.307 255.0
27.257 -357.019 5.314 255.0
27.262 -357.028 5.308 255.0
27.232 -357.005 5.228 255.0
27.261 -356.988 5.225000000000001 255.0
27.259 -357.006 5.255 255.0
27.239 -356.998 5.262 255.0
27.229 -356.954 5.23 255.0
27.239 -356.971 5.263 255.0
27.261 -356.978 5.255 255.0
27.261 -356.97 5.269 255.0
27.255 -356.979 5.276 255.0
27.243000000000006 -356.915 5.223 255.0
27.257 -356.996 5.31 255.0
27.255 -356.951 5.257 255.0
27.248 -356.986 5.31 255.0
27.24 -356.944 5.264 255.0
27.259 -356.986 5.314 255.0
27.252 -356.979 5.319 255.0
27.253 -356.9240000000001 5.258 255.0
27.26 -356.967 5.311 255.0
27.258 -356.932 5.27 255.0
27.236 -356.917 5.265 255.0
27.254 -356.944 5.277 255.0
27.254 -356.956 5.315 255.0
27.252 -356.933 5.312 255.0
27.252 -356.9240000000001 5.316 255.0
27.241 -356.896 5.17 255.0
27.239 -356.839 5.162 255.0
27.239 -356.825 5.171 255.0
27.23 -356.8640000000001 5.219 255.0
27.24 -356.897 5.183 255.0
27.251 -356.896 5.21 255.0
27.234 -356.851 5.184 255.0
27.226 -356.86 5.186 255.0
27.228 -356.834 5.187 255.0
27.244 -356.857 5.211 255.0
27.244 -356.813 5.211 255.0
27.239 -356.808 5.163 255.0
27.235 -356.7750000000001 5.164 255.0
27.222 -356.808 5.188 255.0
27.229 -356.805 5.185 255.0
27.224 -356.781 5.189 255.0
27.244 -356.768 5.211 255.0
27.218 -356.755 5.19 255.0
27.23 -356.753 5.185 255.0
27.217000000000002 -356.729 5.191 255.0
27.221 -356.7390000000001 5.22 255.0
27.236 -356.7510000000001 5.172 255.0
27.24 -356.7270000000001 5.212 255.0
27.229 -356.906 5.231 255.0
27.243000000000006 -356.877 5.224 255.0
27.256 -356.896 5.258 255.0
27.236 -356.89 5.266 255.0
27.236 -356.863 5.267 255.0
27.241 -356.838 5.225000000000001 255.0
27.253 -356.856 5.271 255.0
27.237 -356.836 5.268 255.0
27.253 -356.842 5.26 255.0
27.251 -356.815 5.261 255.0
27.255 -356.907 5.277 255.0
27.247 -356.877 5.278 255.0
27.248 -356.901 5.314 255.0
27.251 -356.9000000000001 5.32 255.0
27.255 -356.891 5.316 255.0
27.249000000000002 -356.84 5.278 255.0
27.244 -356.868 5.315 255.0
27.242 -356.845 5.311 255.0
27.25 -356.861 5.317 255.0
27.248 -356.839 5.316 255.0
27.245 -356.832 5.319 255.0
27.226 -356.807 5.234 255.0
27.23 -356.807 5.27 255.0
27.23 -356.78 5.27 255.0
27.238 -356.798 5.226 255.0
27.231 -356.753 5.271 255.0
27.242 -356.789 5.263 255.0
27.236 -356.758 5.227 255.0
27.24 -356.723 5.228 255.0
27.253 -356.759 5.263 255.0
27.251 -356.732 5.264 255.0
27.247 -356.806 5.279 255.0
27.243000000000006 -356.773 5.28 255.0
27.244 -356.8 5.32 255.0
27.232 -356.726 5.272 255.0
27.25 -356.766 5.319 255.0
27.245 -356.737 5.28 255.0
27.242 -356.737 5.321 255.0
27.233 -356.618 5.168 255.0
27.228 -356.705 5.186 255.0
27.231 -356.673 5.173 255.0
27.217000000000002 -356.676 5.193000000000001 255.0
27.244 -356.68 5.212 255.0
27.224 -356.659 5.186 255.0
27.218 -356.623 5.194 255.0
27.222 -356.632 5.22 255.0
27.234 -356.587 5.169 255.0
27.238 -356.641 5.213 255.0
27.234 -356.605 5.174 255.0
27.225 -356.608 5.186 255.0
27.22 -356.57 5.196 255.0
27.238 -356.596 5.213 255.0
27.22 -356.567 5.215 255.0
27.239 -356.569 5.218 255.0
27.219 -356.56 5.202 255.0
27.229 -356.535 5.219 255.0
27.239 -356.541 5.219 255.0
27.225 -356.708 5.237 255.0
27.235 -356.68 5.229 255.0
27.246000000000006 -356.706 5.265 255.0
27.245 -356.679 5.266 255.0
27.237 -356.642 5.23 255.0
27.248 -356.645 5.236 255.0
27.249000000000002 -356.651 5.266 255.0
27.244 -356.625 5.268 255.0
27.234 -356.672 5.273 255.0
27.244 -356.703 5.281 255.0
27.243000000000006 -356.668 5.281 255.0
27.24 -356.71 5.31 255.0
27.245 -356.705 5.321 255.0
27.231 -356.644 5.275 255.0
27.228 -356.616 5.276 255.0
27.242 -356.634 5.282 255.0
27.232 -356.6 5.232 255.0
27.233 -356.562 5.233000000000001 255.0
27.239 -356.598 5.269 255.0
27.217000000000002 -356.552 5.242 255.0
27.238 -356.523 5.242 108.0
27.225 -356.588 5.277 255.0
27.242 -356.543 5.27 255.0
27.231 -356.571 5.284 255.0
27.238 -356.6020000000001 5.283 255.0
27.226 -356.5610000000001 5.277 255.0
27.239 -356.576 5.31 255.0
27.227 -356.5610000000001 5.278 255.0
27.23 -356.544 5.281 188.0
27.22 -356.532 5.28 255.0
27.495 -356.589 5.161 35.0
27.238 -356.517 5.272 255.0
27.517 -356.583 5.175 31.0
27.592000000000002 -356.597 5.216 255.0
27.507 -356.603 5.276 61.0
27.588 -356.584 5.315 255.0
27.229 -356.507 5.279 140.0
27.22 -356.509 5.286 74.0
27.785 -356.581 5.134 255.0
27.804000000000006 -356.574 5.148 255.0
27.939 -356.592 5.26 255.0
27.93 -356.593 5.289 255.0
27.762 -356.47 5.315 255.0
27.253 -357.121 5.322 255.0
27.256 -357.093 5.322 255.0
27.255 -357.065 5.323 255.0
27.245 -357.05 5.322 255.0
27.251 -357.036 5.324 255.0
27.242 -357.024 5.323 255.0
27.246000000000006 -357.006 5.326000000000001 255.0
27.252 -356.996 5.322 255.0
27.253 -356.98 5.326000000000001 255.0
27.249000000000002 -356.95 5.327 255.0
27.243000000000006 -356.944 5.325 255.0
27.253 -356.923 5.327 255.0
27.245 -356.918 5.325 255.0
27.245 -356.892 5.329 255.0
27.238 -356.839 5.328 255.0
27.245 -356.8640000000001 5.33 255.0
27.245 -356.835 5.331 255.0
27.245 -356.815 5.322 255.0
27.24 -356.812 5.329 255.0
27.245 -356.806 5.331 255.0
27.241 -356.777 5.333 255.0
27.241 -356.748 5.333 255.0
27.24 -356.729 5.323 255.0
27.235 -356.733 5.332 255.0
27.238 -356.689 5.335 255.0
27.241 -356.675 5.322 255.0
27.241 -356.6500000000001 5.324 255.0
27.241 -356.644 5.323 255.0
27.235 -356.659 5.337 255.0
27.241 -356.612 5.324 255.0
27.239 -356.632 5.337 255.0
27.233 -356.6 5.338 255.0
27.233 -356.572 5.339 255.0
27.237 -356.583 5.325 255.0
27.237 -356.564 5.326000000000001 255.0
27.226 -356.556 5.327 255.0
27.229 -356.5490000000001 5.338 40.0
27.222 -356.527 5.328 195.0
27.231 -356.522 5.339 33.0
27.222 -356.521 5.367 46.0
27.242 -356.545 5.339 255.0
27.241 -356.522 5.327 20.0
27.254 -356.5250000000001 5.339 40.0
27.247 -356.518 5.339 174.0
27.26 -356.543 5.366000000000001 3.0
27.268 -356.512 5.366000000000001 21.0
27.21 -356.512 5.383 84.0
27.232 -356.514 5.409 8.0
27.256 -356.516 5.382 5.0
27.269 -356.524 5.371 7.0
27.262 -356.512 5.373 14.0
27.262 -356.514 5.378 15.0
27.266 -356.519 5.414 19.0
27.259 -356.514 5.421 44.0
27.24 -356.514 5.44 74.0
27.836000000000006 -356.61 5.164 255.0
27.289 -356.808 5.369 1.0
27.29 -356.782 5.369 0.0
27.292 -356.756 5.37 0.0
27.294 -356.703 5.371 0.0
27.29 -356.6500000000001 5.373 0.0
27.291 -356.624 5.374000000000001 0.0
27.678 -356.616 5.335 57.0
27.634 -356.591 5.411 255.0
27.616 -356.52 5.388 255.0
27.329 -356.512 5.574 255.0
27.155 -356.488 5.386 29.0
27.23 -356.493 5.328 61.0
27.191 -356.491 5.364 245.0
27.252 -356.496 5.326000000000001 22.0
27.238 -356.495 5.339 2.0
27.239 -356.494 5.364 16.0
27.261 -356.506 5.354 88.0
27.206 -356.498 5.411 12.0
27.253 -356.507 5.38 18.0
27.268 -356.504 5.394 38.0
27.267 -356.5 5.406 30.0
27.269 -356.491 5.414 48.0
27.284 -356.491 5.413 255.0
27.278000000000002 -356.4890000000001 5.414 255.0
27.165 -356.49 5.492 49.0
27.192 -356.485 5.449 4.0
27.139 -356.47 5.503 10.0
27.144 -356.482 5.514 18.0
27.277 -356.499 5.437 255.0
27.279 -356.49 5.442 98.0
27.25 -356.509 5.467000000000001 55.0
27.215 -356.5 5.481 229.0
27.206 -356.499 5.499000000000001 72.0
27.251 -356.499 5.48 17.0
27.282 -356.508 5.483000000000001 255.0
27.275000000000006 -356.5010000000001 5.479 255.0
27.278000000000002 -356.504 5.48 52.0
27.2 -356.491 5.543 19.0
27.24 -356.4890000000001 5.507 255.0
27.203 -356.478 5.541 224.0
27.275000000000006 -356.502 5.511 255.0
27.232 -356.495 5.56 167.0
27.208 -356.471 5.561 78.0
27.27 -356.483 5.513 255.0
27.271 -356.4890000000001 5.532 255.0
27.243000000000006 -356.479 5.566 255.0
27.284 -356.507 5.579 72.0
27.268 -356.491 5.585 51.0
27.259 -356.476 5.578 51.0
27.277 -356.5 5.622 19.0
27.404 -356.494 5.402 255.0
27.438 -356.502 5.416 255.0
27.296 -356.491 5.442 84.0
27.333 -356.503 5.433 255.0
27.333 -356.504 5.436 255.0
27.328 -356.497 5.434 255.0
27.304000000000006 -356.502 5.452 255.0
27.286 -356.493 5.455 255.0
27.299 -356.505 5.463 255.0
27.323 -356.504 5.46 255.0
27.383 -356.499 5.425 255.0
27.313 -356.491 5.462 255.0
27.381 -356.499 5.429 255.0
27.354 -356.508 5.458 255.0
27.381 -356.509 5.452 255.0
27.362 -356.495 5.449 255.0
27.377 -356.495 5.453 255.0
27.359 -356.504 5.468 255.0
27.361 -356.503 5.469 255.0
27.379 -356.5 5.462 255.0
27.344 -356.486 5.466 255.0
27.29 -356.505 5.475000000000001 255.0
27.305 -356.5 5.472 255.0
27.307000000000006 -356.508 5.482 255.0
27.346 -356.509 5.474 255.0
27.285 -356.49 5.491000000000001 255.0
27.343 -356.503 5.472 255.0
27.327 -356.495 5.479 255.0
27.339000000000006 -356.503 5.49 255.0
27.313 -356.509 5.495 255.0
27.383 -356.505 5.473 255.0
27.369 -356.502 5.486 255.0
27.401 -356.5010000000001 5.426 255.0
27.368000000000006 -356.492 5.484 255.0
27.384 -356.5010000000001 5.442 255.0
27.298 -356.502 5.496 255.0
27.353 -356.497 5.504 255.0
27.428 -356.496 5.425 255.0
27.297 -356.502 5.515 255.0
27.355 -356.487 5.508 255.0
27.402 -356.499 5.465 255.0
27.302 -356.494 5.52 73.0
27.371000000000006 -356.493 5.501 255.0
27.409 -356.488 5.455 255.0
27.333 -356.5010000000001 5.505 192.0
27.36 -356.502 5.51 255.0
27.412 -356.503 5.465 255.0
27.295 -356.484 5.512 34.0
27.423 -356.5010000000001 5.467000000000001 255.0
27.431 -356.498 5.463 255.0
27.416 -356.505 5.491000000000001 255.0
27.419 -356.497 5.505 255.0
27.429000000000006 -356.488 5.497 255.0
27.445 -356.503 5.443000000000001 255.0
27.412 -356.492 5.517 255.0
27.437 -356.497 5.442 255.0
27.444 -356.492 5.444 255.0
27.465 -356.497 5.432 255.0
27.481 -356.498 5.421 255.0
27.478 -356.4890000000001 5.444 255.0
27.445 -356.503 5.457 255.0
27.454 -356.496 5.452 255.0
27.452 -356.499 5.464 255.0
27.473 -356.507 5.457 255.0
27.46 -356.495 5.458 255.0
27.521 -356.4890000000001 5.391 255.0
27.438 -356.506 5.477 255.0
27.497 -356.502 5.407 255.0
27.44 -356.5010000000001 5.478 255.0
27.526 -356.492 5.417 255.0
27.449 -356.487 5.476 255.0
27.458 -356.503 5.485 255.0
27.476 -356.487 5.488 255.0
27.579 -356.495 5.413 255.0
27.453 -356.492 5.513 255.0
27.481 -356.498 5.5 255.0
27.462 -356.486 5.499000000000001 255.0
27.614 -356.502 5.388 21.0
27.627 -356.502 5.417 255.0
27.619 -356.487 5.42 255.0
27.623 -356.498 5.412 255.0
27.629 -356.495 5.409 255.0
27.681 -356.502 5.376 0.0
27.639 -356.485 5.38 255.0
27.673 -356.4890000000001 5.405 255.0
27.677 -356.491 5.411 255.0
27.643 -356.485 5.417 255.0
27.505 -356.504 5.434 255.0
27.509 -356.492 5.435 255.0
27.509 -356.492 5.436 255.0
27.528000000000002 -356.495 5.443000000000001 255.0
27.169 -356.504 5.424 123.0
27.503 -356.5010000000001 5.457 255.0
27.545 -356.496 5.422 255.0
27.52 -356.499 5.455 255.0
27.565 -356.505 5.426 255.0
27.526 -356.495 5.45 255.0
27.576 -356.4890000000001 5.426 255.0
27.532 -356.498 5.446 255.0
27.503 -356.506 5.476 255.0
27.511 -356.502 5.467000000000001 255.0
27.539 -356.5010000000001 5.447 255.0
27.539 -356.5010000000001 5.453 255.0
27.511 -356.494 5.489 255.0
27.539 -356.503 5.465 255.0
27.532 -356.488 5.485 17.0
27.574 -356.5 5.451000000000001 255.0
27.58 -356.505 5.458 255.0
27.585 -356.495 5.43 255.0
27.506 -356.494 5.506 255.0
27.602 -356.494 5.433 255.0
27.602 -356.5010000000001 5.439 255.0
27.591 -356.496 5.442 255.0
27.63 -356.505 5.441 255.0
27.657 -356.49 5.424 255.0
27.542 -356.496 5.495 255.0
27.617 -356.496 5.435 255.0
27.645 -356.499 5.444 255.0
27.577 -356.493 5.476 255.0
27.618000000000006 -356.493 5.443000000000001 255.0
27.664 -356.5 5.433 255.0
27.666 -356.497 5.43 255.0
27.593 -356.506 5.467000000000001 255.0
27.674 -356.497 5.424 255.0
27.605 -356.503 5.459000000000001 255.0
27.62 -356.507 5.456 255.0
27.578 -356.502 5.515 255.0
27.639 -356.5 5.453 255.0
27.654 -356.497 5.448 255.0
27.613 -356.485 5.461 255.0
27.661 -356.505 5.457 255.0
27.566 -356.482 5.506 255.0
27.679000000000006 -356.494 5.464 255.0
27.598 -356.499 5.494 255.0
27.603 -356.494 5.49 255.0
27.587 -356.486 5.482 255.0
27.598 -356.506 5.516 255.0
27.608 -356.491 5.503 143.0
27.665 -356.496 5.485 255.0
27.317 -356.497 5.53 255.0
27.66 -356.487 5.495 255.0
27.299 -356.505 5.547 80.0
27.347 -356.4890000000001 5.522 255.0
27.666 -356.485 5.475000000000001 255.0
27.312 -356.506 5.55 255.0
27.352 -356.505 5.543 255.0
27.676 -356.481 5.48 255.0
27.323 -356.488 5.551 94.0
27.655 -356.5010000000001 5.517 255.0
27.369 -356.484 5.523 255.0
27.647000000000006 -356.493 5.514 255.0
27.666 -356.5 5.504 255.0
27.348 -356.505 5.554 74.0
27.662 -356.496 5.515 255.0
27.345 -356.499 5.553 255.0
27.356 -356.4890000000001 5.556 255.0
27.664 -356.478 5.497 255.0
27.354 -356.497 5.566 255.0
27.357 -356.495 5.575 255.0
27.38 -356.505 5.57 255.0
27.381 -356.51 5.585 255.0
27.305 -356.485 5.554 255.0
27.382 -356.484 5.547 255.0
27.401 -356.505 5.538 255.0
27.404 -356.505 5.539 255.0
27.424 -356.495 5.54 255.0
27.391 -356.498 5.556 255.0
27.453 -356.502 5.534 255.0
27.385 -356.5010000000001 5.569 255.0
27.467000000000002 -356.49 5.527 137.0
27.402 -356.5010000000001 5.558 255.0
27.286 -356.5 5.574 11.0
27.463 -356.497 5.54 255.0
27.408 -356.495 5.566 255.0
27.308 -356.492 5.582 255.0
27.46 -356.486 5.54 255.0
27.433 -356.5010000000001 5.566 255.0
27.332 -356.5010000000001 5.574 255.0
27.446 -356.493 5.547 255.0
27.433 -356.496 5.564 255.0
27.309 -356.491 5.574 98.0
27.342000000000002 -356.428 5.667 57.0
27.456 -356.499 5.549 255.0
27.466 -356.488 5.546 255.0
27.285 -356.5 5.607 25.0
27.46 -356.494 5.558 255.0
27.297 -356.507 5.617 14.0
27.302 -356.496 5.608000000000001 10.0
27.489 -356.504 5.527 255.0
27.557000000000006 -356.504 5.526 255.0
27.484 -356.508 5.533 187.0
27.545 -356.495 5.531 255.0
27.504 -356.502 5.541 255.0
27.554000000000006 -356.495 5.525 255.0
27.496000000000006 -356.494 5.539 255.0
27.581 -356.5010000000001 5.527 255.0
27.493000000000006 -356.5010000000001 5.557 255.0
27.561 -356.496 5.532 255.0
27.489 -356.502 5.562 255.0
27.567 -356.505 5.538 255.0
27.517 -356.504 5.546 255.0
27.562 -356.493 5.542 255.0
27.511 -356.494 5.55 255.0
27.577 -356.491 5.535 255.0
27.546 -356.5010000000001 5.551 255.0
27.547 -356.505 5.558 255.0
27.567 -356.494 5.567 255.0
27.507 -356.482 5.577 255.0
27.604 -356.499 5.522 255.0
27.597 -356.492 5.522 255.0
27.599 -356.502 5.545 255.0
27.650000000000006 -356.5 5.54 255.0
27.612 -356.496 5.523 255.0
27.650000000000006 -356.494 5.541 255.0
27.613 -356.492 5.534 255.0
27.673 -356.5 5.522 255.0
27.625 -356.4890000000001 5.543 255.0
27.661 -356.493 5.526 255.0
27.613 -356.484 5.526 255.0
27.6 -356.503 5.554 255.0
27.874000000000002 -356.621 5.385 125.0
27.585 -356.499 5.553 255.0
27.617 -356.497 5.559 255.0
27.655 -356.503 5.55 255.0
27.64 -356.494 5.557 255.0
27.667 -356.5 5.552 255.0
27.693 -356.6020000000001 5.345 255.0
27.837 -356.523 5.389 19.0
27.863 -356.526 5.519 3.0
27.757 -356.485 5.369 255.0
27.717000000000002 -356.508 5.39 255.0
27.704 -356.492 5.402 255.0
27.689 -356.499 5.409 255.0
27.723 -356.49 5.401 255.0
27.73 -356.49 5.418 255.0
27.749000000000002 -356.499 5.4 255.0
27.748 -356.496 5.414 255.0
27.776 -356.494 5.397 255.0
27.78 -356.496 5.418 255.0
27.799 -356.461 5.327 255.0
27.784 -356.487 5.392 255.0
27.823 -356.492 5.393 255.0
27.793 -356.493 5.412 255.0
27.787 -356.492 5.414 255.0
27.805 -356.493 5.411 255.0
27.822 -356.49 5.405 255.0
27.811 -356.491 5.418 255.0
27.842000000000002 -356.496 5.411 255.0
27.865 -356.496 5.42 255.0
27.706 -356.504 5.431 255.0
27.702 -356.494 5.425 255.0
27.714000000000006 -356.494 5.43 255.0
27.726 -356.499 5.425 255.0
27.729 -356.497 5.421 255.0
27.714000000000006 -356.494 5.439 255.0
27.724 -356.499 5.439 255.0
27.739 -356.5010000000001 5.441 255.0
27.729 -356.505 5.448 255.0
27.782 -356.503 5.421 255.0
27.771 -356.507 5.437 255.0
27.694 -356.485 5.453 255.0
27.692 -356.497 5.482 255.0
27.725 -356.495 5.481 255.0
27.745 -356.485 5.467000000000001 255.0
27.775000000000006 -356.481 5.446 255.0
27.7 -356.502 5.501 255.0
27.696 -356.493 5.505 255.0
27.794 -356.498 5.43 255.0
27.705 -356.5 5.513 255.0
27.783 -356.491 5.433 255.0
27.699 -356.502 5.515 255.0
27.797 -356.503 5.439 255.0
27.683 -356.499 5.511 255.0
27.784 -356.487 5.451000000000001 255.0
27.848 -356.505 5.427 255.0
27.71 -356.498 5.507 255.0
27.788 -356.487 5.469 255.0
27.839000000000006 -356.498 5.428 255.0
27.712 -356.492 5.518 255.0
27.85 -356.491 5.437 20.0
27.753 -356.502 5.493 255.0
27.725 -356.497 5.514 255.0
27.865 -356.502 5.43 255.0
27.823 -356.481 5.46 255.0
27.764 -356.487 5.486 255.0
27.688 -356.48 5.519 255.0
27.879 -356.495 5.458 255.0
27.865 -356.496 5.459000000000001 92.0
27.787 -356.498 5.476 255.0
27.745 -356.492 5.497 255.0
27.756 -356.5010000000001 5.509 255.0
27.794 -356.492 5.489 255.0
27.773 -356.5 5.506 255.0
27.825 -356.504 5.481 229.0
27.758 -356.499 5.499000000000001 255.0
27.808 -356.498 5.491000000000001 255.0
27.76 -356.493 5.511 255.0
27.764 -356.48 5.512 255.0
27.8 -356.495 5.506 255.0
27.796 -356.487 5.515 255.0
27.806 -356.488 5.52 255.0
27.813 -356.499 5.496 255.0
27.817 -356.498 5.501 255.0
27.811 -356.491 5.503 255.0
27.823 -356.499 5.498 255.0
27.815 -356.497 5.512 255.0
27.842000000000002 -356.487 5.471 255.0
27.841 -356.499 5.482 255.0
27.843 -356.491 5.481 255.0
27.859 -356.497 5.482 255.0
27.87 -356.502 5.491000000000001 255.0
27.862 -356.488 5.495 255.0
27.843 -356.492 5.519 255.0
27.854 -356.4890000000001 5.515 255.0
27.859 -356.506 5.5 255.0
27.866 -356.499 5.503 255.0
27.84 -356.48 5.506 255.0
27.884 -356.504 5.515 255.0
27.686 -356.487 5.525 255.0
27.702 -356.497 5.532 255.0
27.697 -356.497 5.535 255.0
27.714000000000006 -356.495 5.532 255.0
27.722 -356.496 5.543 255.0
27.75 -356.498 5.529 255.0
27.693 -356.493 5.548 255.0
27.742 -356.495 5.539 255.0
27.708 -356.5010000000001 5.546 255.0
27.764 -356.494 5.521 255.0
27.766 -356.506 5.541 255.0
27.764 -356.503 5.543 255.0
27.796 -356.495 5.524 255.0
27.774 -356.495 5.536 255.0
27.795 -356.495 5.53 255.0
27.736 -356.473 5.555 255.0
27.826 -356.493 5.528 255.0
27.856 -356.51 5.529 6.0
27.819 -356.504 5.537 255.0
27.844 -356.496 5.522 255.0
27.804000000000006 -356.484 5.523 255.0
27.784 -356.483 5.542 255.0
46.21 -362.019 4.421 2.0
46.212 -362.0 4.423 21.0
46.215 -361.99 4.404 21.0
46.207 -362.018 4.429 4.0
46.201 -362.008 4.447 5.0
46.214 -362.012 4.452 49.0
46.208 -362.004 4.456 81.0
46.193 -362.04 4.48 46.0
46.198 -362.011 4.496 118.0
46.206 -362.01 4.499 44.0
46.214 -361.9120000000001 4.487 62.0
46.223 -361.993 4.372 15.0
46.226 -361.957 4.405 91.0
46.226 -361.963 4.422 29.0
46.24 -361.918 4.378 11.0
46.251 -361.913 4.377 31.0
46.237 -361.94 4.406 8.0
46.237 -361.925 4.405 77.0
46.232 -361.922 4.421 40.0
46.218 -361.94 4.425 53.0
46.228 -361.918 4.432 56.0
46.231 -361.897 4.427 58.0
46.227 -361.934 4.455 79.0
46.23 -361.9360000000001 4.451 61.0
46.23900000000001 -361.9000000000001 4.45 47.0
46.227 -361.909 4.483 84.0
46.228 -361.911 4.496 101.0
46.237 -361.925 4.511 36.0
46.214 -361.848 4.373 41.0
46.23 -361.92 4.506 57.0
46.235 -361.914 4.503 54.0
46.219 -361.9000000000001 4.519 35.0
46.196 -361.836 4.365 152.0
46.176 -361.817 4.354 58.0
46.197 -361.816 4.36 10.0
46.21 -361.8640000000001 4.419 34.0
46.188 -361.828 4.381 87.0
46.211 -361.831 4.418 55.0
46.214 -361.818 4.423 34.0
46.213 -361.816 4.405 40.0
46.212 -361.8520000000001 4.434 48.0
46.209 -361.843 4.433 69.0
46.212 -361.843 4.49 28.0
46.209 -361.845 4.507 95.0
46.219 -361.829 4.371 75.0
46.22 -361.834 4.383 117.0
46.226 -361.832 4.398 46.0
46.223 -361.827 4.418 22.0
46.228 -361.8110000000001 4.412 22.0
46.26 -361.803 4.418 33.0
46.264 -361.752 4.383 5.0
46.263 -361.791 4.406 95.0
46.261 -361.756 4.406 109.0
46.272 -361.749 4.384 24.0
46.263 -361.753 4.406 15.0
46.266 -361.762 4.417 34.0
46.197 -362.055 4.496 11.0
46.273 -361.7390000000001 4.414 18.0
46.195 -362.046 4.496 171.0
46.271 -361.721 4.416 30.0
46.181000000000004 -362.066 4.512 12.0
46.197 -362.044 4.513 35.0
46.212 -361.979 4.496 174.0
46.21 -361.9770000000001 4.509 57.0
46.208 -361.985 4.43 39.0
46.245 -361.911 4.37 18.0
46.254 -361.824 4.448 30.0
46.218 -361.815 4.453 21.0
46.218 -361.817 4.469 44.0
46.261 -361.794 4.453 50.0
46.222 -361.824 4.475 41.0
46.245 -361.81 4.485 82.0
46.254 -361.81 4.496 46.0
46.22 -361.952 4.431 40.0
46.24200000000001 -361.827 4.51 33.0
46.224 -361.975 4.452 53.0
46.221 -361.97 4.455 80.0
46.218 -361.944 4.496 158.0
46.222 -361.961 4.501 27.0
46.222 -361.965 4.519 48.0
46.269 -361.749 4.447 28.0
46.258 -361.731 4.435 48.0
46.266 -361.718 4.438 59.0
46.274 -361.71 4.446 28.0
46.268 -361.72 4.452 35.0
46.252 -361.777 4.485 255.0
46.258 -361.792 4.498 37.0
46.252 -361.773 4.496 64.0
46.241 -361.767 4.493 40.0
46.27 -361.756 4.518 45.0
46.263 -361.776 4.51 31.0
46.269 -361.725 4.494 21.0
46.27 -361.688 4.437 18.0
46.273 -361.684 4.439 54.0
46.277 -361.685 4.451 38.0
46.278 -361.683 4.467 38.0
46.272 -361.6500000000001 4.49 46.0
46.268 -361.644 4.496 16.0
46.268 -361.69 4.514 20.0
46.204 -361.831 4.431 80.0
46.208 -361.818 4.435 42.0
46.266 -361.634 4.496 77.0
46.278 -361.585 4.502 2.0
46.21 -361.834 4.482 45.0
46.255 -361.872 4.371 15.0
46.211 -361.842 4.523 55.0
46.208 -361.834 4.523 44.0
46.21 -361.816 4.501 37.0
46.17800000000001 -362.105 4.557 37.0
46.26 -361.856 4.38 18.0
46.174 -362.144 4.661 15.0
46.243 -361.891 4.405 93.0
46.174 -362.143 4.667 5.0
46.218 -361.862 4.41 58.0
46.234 -361.855 4.405 66.0
46.179 -362.113 4.646 35.0
46.18 -362.118 4.665 46.0
46.18 -362.108 4.66 78.0
46.174 -362.109 4.667 47.0
46.166 -362.148 4.693000000000001 69.0
46.356 -361.839 4.387 22.0
46.267 -361.723 4.406 121.0
46.17800000000001 -362.12 4.698 14.0
46.232 -361.885 4.433 42.0
46.17500000000001 -362.113 4.744 27.0
46.24 -361.855 4.429 42.0
46.22 -361.892 4.461 19.0
46.231 -361.859 4.453 38.0
46.181000000000004 -362.1260000000001 4.787 79.0
46.185 -362.107 4.778 2.0
46.179 -362.111 4.789 4.0
46.192 -362.094 4.787 80.0
46.187 -362.095 4.802 30.0
46.186 -362.092 4.811 14.0
46.183 -362.095 4.814 15.0
46.188 -362.101 4.817 5.0
46.203 -362.017 4.537 11.0
46.21 -362.004 4.546 11.0
46.213 -362.027 4.596 88.0
46.192 -362.0370000000001 4.56 44.0
46.209 -362.041 4.558 43.0
46.2 -362.0370000000001 4.619 20.0
46.201 -362.003 4.561 53.0
46.215 -362.004 4.56 61.0
46.201 -362.023 4.616 71.0
46.209 -361.996 4.621 52.0
46.23900000000001 -361.8760000000001 4.484 56.0
46.23300000000001 -361.8880000000001 4.488 19.0
46.227 -361.875 4.488 50.0
46.238 -361.878 4.496 151.0
46.247 -361.867 4.505 29.0
46.214 -361.99 4.618 57.0
46.217 -361.973 4.62 27.0
46.259 -361.785 4.436 71.0
46.253 -361.772 4.433 30.0
46.263 -361.7870000000001 4.448 35.0
46.212 -362.016 4.636 10.0
46.259 -361.7510000000001 4.437 74.0
46.216 -361.999 4.642 58.0
46.259 -361.755 4.452 56.0
46.2 -362.039 4.659 79.0
46.211 -362.023 4.652 27.0
46.21 -362.004 4.658 79.0
46.211 -362.02 4.698 12.0
46.201 -362.012 4.67 59.0
46.2 -362.0130000000001 4.692 255.0
46.214 -362.01 4.663 67.0
46.211 -362.023 4.703 16.0
46.212 -361.98 4.671 70.0
46.251 -361.743 4.486 214.0
46.254 -361.738 4.496 58.0
46.261 -361.71 4.487 172.0
46.267 -361.706 4.496 60.0
46.26 -361.736 4.512 35.0
46.273 -361.689 4.406 37.0
46.267 -361.7 4.501 20.0
46.28 -361.689 4.416 2.0
46.217 -361.922 4.677 60.0
46.26 -361.677 4.488 111.0
46.261 -361.668 4.496 84.0
46.221 -361.994 4.531 58.0
46.285 -361.611 4.489 20.0
46.219 -362.003 4.598 37.0
46.279 -361.643 4.516 55.0
46.22 -361.993 4.596 76.0
46.29 -361.595 4.519 8.0
46.221 -361.999 4.615 35.0
46.227 -361.934 4.564 76.0
46.241 -361.9240000000001 4.563 59.0
46.238 -361.9120000000001 4.568000000000001 33.0
46.248 -361.895 4.597 80.0
46.23900000000001 -361.899 4.566 59.0
46.241 -361.927 4.61 49.0
46.176 -362.123 4.595 91.0
46.226 -361.923 4.62 71.0
46.185 -362.113 4.58 23.0
46.195 -362.092 4.596 96.0
46.18 -362.12 4.614 6.0
46.226 -361.951 4.624 48.0
46.224 -361.971 4.658 77.0
46.219 -361.982 4.671 41.0
46.224 -361.947 4.671 70.0
46.222 -361.983 4.693000000000001 255.0
46.221 -361.965 4.695 10.0
46.221 -361.947 4.692 131.0
46.22 -361.978 4.706 32.0
46.231 -361.913 4.692 146.0
46.23600000000001 -361.904 4.69 28.0
46.23600000000001 -361.93 4.709000000000001 38.0
46.224 -361.918 4.705 33.0
46.209 -361.838 4.628 255.0
46.209 -361.841 4.657 50.0
46.213 -361.859 4.713 42.0
46.211 -361.863 4.717000000000001 38.0
46.183 -362.072 4.558 70.0
46.194 -362.095 4.84 29.0
46.204 -362.048 4.576000000000001 47.0
46.198 -362.058 4.596 81.0
46.189 -362.081 4.599 21.0
46.18 -362.089 4.614 35.0
46.187 -362.076 4.616 17.0
46.2 -362.068 4.62 29.0
46.189 -362.056 4.615 39.0
46.196 -362.078 4.645 35.0
46.19 -362.074 4.659 84.0
46.228 -361.838 4.524 29.0
46.19 -362.081 4.664 46.0
46.185 -362.077 4.668 47.0
46.23600000000001 -361.834 4.551 43.0
46.238 -361.817 4.569 16.0
46.2 -362.045 4.663 52.0
46.256 -361.796 4.57 52.0
46.197 -362.045 4.669 45.0
46.229 -361.854 4.584000000000001 23.0
46.245 -361.856 4.58 19.0
46.25 -361.861 4.597 47.0
46.238 -361.89 4.621 66.0
46.225 -361.853 4.606 59.0
46.238 -361.857 4.622 31.0
46.199 -362.062 4.676 13.0
46.192 -362.072 4.702 11.0
46.271 -361.796 4.598 65.0
46.195 -362.072 4.701000000000001 13.0
46.265 -361.772 4.571 62.0
46.263 -361.767 4.559 42.0
46.26 -361.762 4.572 78.0
46.257 -361.729 4.573 53.0
46.27 -361.734 4.573 66.0
46.269 -361.761 4.598 82.0
46.268 -361.726 4.598 91.0
46.243 -361.873 4.624 22.0
46.271 -361.697 4.575 22.0
46.245 -361.881 4.639 24.0
46.276 -361.718 4.612 22.0
46.218 -361.85 4.645 128.0
46.248 -361.866 4.629 50.0
46.257 -361.857 4.624 26.0
46.24200000000001 -361.882 4.673 67.0
46.245 -361.8640000000001 4.656 24.0
46.234 -361.884 4.679 60.0
46.241 -361.88 4.692 255.0
46.235 -361.849 4.681 36.0
46.248 -361.883 4.711 35.0
46.23600000000001 -361.848 4.709000000000001 29.0
46.221 -361.98 4.572 55.0
46.218 -361.968 4.563 76.0
46.224 -361.965 4.561 64.0
46.226 -361.967 4.59 41.0
46.226 -361.96 4.597 78.0
46.219 -361.995 4.696 28.0
46.218 -361.956 4.619 44.0
46.272 -361.758 4.629 55.0
46.272 -361.718 4.633 24.0
46.275 -361.71 4.632 19.0
46.27 -361.707 4.655 27.0
46.24200000000001 -361.925 4.64 82.0
46.235 -361.909 4.626 63.0
46.24200000000001 -361.901 4.64 26.0
46.234 -361.937 4.657 83.0
46.272 -361.746 4.72 18.0
46.23300000000001 -361.9360000000001 4.661 79.0
46.24200000000001 -361.899 4.66 72.0
46.227 -361.914 4.672 78.0
46.23600000000001 -361.9000000000001 4.665 29.0
46.243 -361.902 4.657 91.0
46.245 -361.743 4.686 35.0
46.252 -361.7390000000001 4.691 43.0
46.258 -361.705 4.688 25.0
46.258 -361.705 4.691 67.0
46.209 -361.824 4.622 34.0
46.272 -361.726 4.677 10.0
46.269 -361.706 4.722 14.0
46.184 -362.079 4.745 24.0
46.193 -362.045 4.747 23.0
46.196 -362.081 4.763 11.0
46.205 -362.06 4.753 16.0
46.199 -362.0610000000001 4.788 75.0
46.197 -362.087 4.815 13.0
46.195 -362.062 4.803 28.0
46.197 -362.053 4.817 14.0
46.201 -362.047 4.82 9.0
46.204 -362.038 4.862 92.0
46.188 -362.075 4.875 48.0
46.204 -362.032 4.864 33.0
46.205 -362.017 4.859 38.0
46.214 -362.003 4.862 92.0
46.241 -361.855 4.541 22.0
46.25 -361.885 4.565 40.0
46.229 -361.856 4.567 30.0
46.248 -361.865 4.567 40.0
46.255 -361.844 4.563 18.0
46.213 -361.985 4.859 39.0
46.214 -361.98 4.889 255.0
46.223 -361.828 4.598 40.0
46.253 -361.832 4.581 20.0
46.225 -361.997 4.788 71.0
46.25 -361.842 4.605 18.0
46.219 -361.975 4.751 25.0
46.223 -361.965 4.75 8.0
46.232 -361.964 4.789 83.0
46.228 -361.986 4.81 14.0
46.223 -361.974 4.802 13.0
46.23 -361.958 4.812 11.0
46.227 -361.926 4.774 9.0
46.234 -361.93 4.789 96.0
46.221 -361.997 4.862 31.0
46.241 -361.93 4.795 9.0
46.228 -361.898 4.797 13.0
46.232 -361.93 4.808 31.0
46.24 -361.926 4.806 16.0
46.24 -361.897 4.809 33.0
46.266 -361.767 4.600000000000001 43.0
46.264 -361.694 4.575 34.0
46.221 -361.995 4.881 10.0
46.222 -361.993 4.912 12.0
46.231 -361.828 4.627 21.0
46.222 -361.84 4.641 45.0
46.219 -361.968 4.823 13.0
46.224 -361.969 4.861 80.0
46.224 -361.952 4.86 39.0
46.234 -361.959 4.861 30.0
46.251 -361.84 4.637 18.0
46.232 -361.832 4.657 128.0
46.25 -361.788 4.633 14.0
46.244 -361.825 4.655 19.0
46.257 -361.79 4.624 233.0
46.261 -361.826 4.658 32.0
46.257 -361.756 4.625 101.0
46.257 -361.797 4.659 3.0
46.263 -361.757 4.635 49.0
46.262 -361.744 4.636 23.0
46.223 -361.832 4.675 72.0
46.263 -361.785 4.657 24.0
46.224 -361.828 4.686 45.0
46.266 -361.757 4.654 30.0
46.244 -361.815 4.674 46.0
46.265 -361.745 4.656 17.0
46.265 -361.745 4.656 30.0
46.256 -361.812 4.692 40.0
46.261 -361.793 4.717000000000001 13.0
46.23600000000001 -361.9240000000001 4.826000000000001 15.0
46.234 -361.914 4.889 176.0
46.245 -361.898 4.874 14.0
46.253 -361.9000000000001 4.892 10.0
46.232 -361.914 4.901 5.0
46.238 -361.9360000000001 4.861 79.0
46.257 -361.894 4.919 13.0
46.237 -361.934 4.872 45.0
46.235 -361.92 4.861 39.0
46.244 -361.92 4.86 34.0
46.223 -361.913 4.859 5.0
46.234 -361.893 4.87 20.0
46.247 -361.901 4.86 87.0
46.247 -361.906 4.862 10.0
46.247 -361.897 4.871 48.0
46.255 -361.782 4.675 92.0
46.249 -361.777 4.684 39.0
46.258 -361.777 4.692 31.0
46.254 -361.749 4.676 201.0
46.231 -361.862 4.727 19.0
46.26 -361.723 4.626 65.0
46.231 -361.85 4.746 30.0
46.254 -361.843 4.74 22.0
46.261 -361.708 4.632 22.0
46.24 -361.873 4.756 34.0
46.267 -361.704 4.638 17.0
46.255 -361.86 4.762 34.0
46.266 -361.731 4.654 10.0
46.267 -361.72 4.653 35.0
46.262 -361.716 4.65 9.0
46.27 -361.82300000000004 4.759 28.0
46.243 -361.845 4.779 24.0
46.255 -361.865 4.789 76.0
46.25 -361.843 4.793 20.0
46.237 -361.873 4.817 16.0
46.244 -361.8640000000001 4.81 31.0
46.251 -361.855 4.798 11.0
46.272 -361.7990000000001 4.79 41.0
46.257 -361.77 4.761 90.0
46.206 -362.01 4.749 23.0
46.21 -362.029 4.788 73.0
46.204 -362.029 4.804 28.0
46.201 -362.028 4.806 13.0
46.191 -362.071 4.863 96.0
46.209 -362.04 4.814 14.0
46.194 -362.071 4.865 34.0
46.212 -361.996 4.805 28.0
46.206 -362.011 4.82 14.0
46.197 -362.05 4.858000000000001 40.0
46.205 -362.042 4.875 47.0
46.204 -362.024 4.884 12.0
46.203 -362.027 4.886 7.0
46.214 -362.006 4.874 46.0
46.261 -361.736 4.762 54.0
46.208 -362.014 4.89 255.0
46.206 -362.042 4.908 12.0
46.274 -361.732 4.733000000000001 13.0
46.275 -361.697 4.736 10.0
46.275 -361.708 4.771 19.0
46.271 -361.765 4.79 36.0
46.276 -361.759 4.797 11.0
46.225 -361.999 4.757 12.0
46.221 -361.999 4.772 9.0
46.249 -361.887 4.83 21.0
46.256 -361.877 4.829 18.0
46.246 -361.843 4.831 18.0
46.26 -361.851 4.83 16.0
46.246 -361.887 4.862 40.0
46.245 -361.887 4.872 13.0
46.238 -361.853 4.862 25.0
46.24200000000001 -361.833 4.827 21.0
46.231 -361.848 4.868 27.0
46.237 -361.828 4.846 31.0
46.246 -361.862 4.859 41.0
46.24 -361.807 4.833 21.0
46.243 -361.856 4.872 20.0
46.253 -361.806 4.833 16.0
46.246 -361.831 4.856 19.0
46.259 -361.829 4.858000000000001 21.0
46.264 -361.833 4.869 9.0
46.261 -361.822 4.864 46.0
46.269 -361.826 4.869 19.0
46.269 -361.8 4.855 17.0
46.268 -361.794 4.858000000000001 22.0
46.248 -361.882 4.89 121.0
46.258 -361.849 4.89 92.0
46.267 -361.757 4.837 24.0
46.256 -361.788 4.864 62.0
46.267 -361.784 4.867 18.0
46.267 -361.777 4.863 8.0
46.264 -361.72 4.839 19.0
46.264 -361.753 4.853 17.0
46.266 -361.755 4.857 22.0
46.26 -361.741 4.863 10.0
46.261 -361.721 4.866 182.0
46.266 -361.71 4.851 21.0
46.267 -361.702 4.864 27.0
46.252 -361.785 4.876 50.0
46.262 -361.755 4.865 111.0
46.254 -361.776 4.888 26.0
46.271 -361.719 4.856 34.0
46.252 -361.78 4.91 10.0
46.256 -361.753 4.902 11.0
46.267 -361.756 4.919 7.0
46.22 -361.984 4.939 24.0
46.227 -361.979 4.938 12.0
46.23300000000001 -361.95 4.941 23.0
46.266 -361.736 4.794 11.0
46.264 -361.701 4.784 10.0
46.259 -361.73 4.815 103.0
46.266 -361.697 4.816 45.0
46.217 -361.856 4.748 18.0
46.228 -361.971 4.873 44.0
46.228 -361.966 4.879 13.0
46.232 -361.949 4.89 255.0
46.234 -361.955 4.92 7.0
46.241 -361.943 4.915 13.0
46.25 -361.881 4.945 22.0
46.262 -361.846 4.947 81.0
46.254 -361.862 4.953 8.0
46.244 -361.898 4.743 16.0
46.218 -361.835 4.763 28.0
46.257 -361.836 4.76 30.0
46.227 -361.941 4.752 28.0
46.261 -361.803 4.759 62.0
46.269 -361.833 4.927 9.0
46.23600000000001 -361.907 4.754 29.0
46.225 -361.837 4.8 38.0
46.237 -361.84 4.801 58.0
46.24200000000001 -361.838 4.804 29.0
46.267 -361.826 4.799 27.0
46.264 -361.797 4.813 252.0
46.273 -361.782 4.767 31.0
46.268 -361.834 4.983000000000001 16.0
46.274 -361.745 4.769 26.0
46.271 -361.7630000000001 4.928 18.0
46.27 -361.752 4.933 9.0
46.27 -361.756 4.964 15.0
46.271 -361.721 4.931 15.0
46.265 -361.657 4.556 16.0
46.266 -361.783 4.789 12.0
46.259 -361.764 4.814 255.0
46.287 -361.622 4.55 14.0
46.276 -361.625 4.578 66.0
46.284 -361.62 4.579 46.0
46.292 -361.61 4.59 12.0
46.273 -361.624 4.599 205.0
46.24 -361.822 4.874 36.0
46.241 -361.842 4.897 19.0
46.256 -361.812 4.889 24.0
46.283 -361.59 4.58 31.0
46.291 -361.555 4.581 25.0
46.293 -361.587 4.621 7.0
46.281 -361.557 4.599 255.0
46.275 -361.758 4.825 14.0
46.272 -361.745 4.866 24.0
46.256 -361.74 4.888 42.0
46.257 -361.705 4.888 55.0
46.261 -361.737 4.908 8.0
46.248 -361.911 4.932 12.0
46.263 -361.731 4.907 13.0
46.257 -361.9000000000001 4.93 11.0
46.264 -361.738 4.919 9.0
46.246 -361.915 4.944 22.0
46.273 -361.731 4.79 91.0
46.278 -361.711 4.822 16.0
46.263 -361.69 4.627 47.0
46.267 -361.689 4.653 15.0
46.282 -361.636 4.631 32.0
46.278 -361.622 4.63 46.0
46.275 -361.619 4.636 26.0
46.279 -361.62 4.643 15.0
46.287 -361.594 4.63 23.0
46.271 -361.673 4.692 70.0
46.241 -361.932 4.981 34.0
46.255 -361.901 4.982 26.0
46.276 -361.637 4.65 16.0
46.283 -361.632 4.653 30.0
46.284 -361.629 4.671 9.0
46.282 -361.611 4.651 41.0
46.283 -361.61 4.654 8.0
46.277 -361.594 4.663 4.0
46.268 -361.636 4.691 84.0
46.274 -361.597 4.694 24.0
46.281 -361.604 4.692 75.0
46.285 -361.589 4.631 42.0
46.276 -361.641 4.702 5.0
46.283 -361.586 4.648 14.0
46.287 -361.578 4.645 16.0
46.284 -361.555 4.632 36.0
46.288 -361.593 4.652 30.0
46.291 -361.577 4.651 41.0
46.267 -361.839 4.926 8.0
46.266 -361.807 4.925 20.0
46.264 -361.802 4.944 6.0
46.263 -361.813 4.949 131.0
46.285 -361.55 4.68 48.0
46.282 -361.568 4.691 75.0
46.278 -361.671 4.729 12.0
46.281 -361.658 4.725000000000001 13.0
46.269 -361.667 4.766 29.0
46.284 -361.6140000000001 4.728 13.0
46.288 -361.615 4.726 13.0
46.292 -361.599 4.729 9.0
46.273 -361.633 4.768 34.0
46.275 -361.634 4.779 10.0
46.28 -361.598 4.769 31.0
46.288 -361.631 4.775 25.0
46.283 -361.632 4.788 8.0
46.286 -361.63 4.791 255.0
46.286 -361.6140000000001 4.786 12.0
46.292 -361.596 4.791 255.0
46.276 -361.63 4.819 90.0
46.263 -361.779 4.951000000000001 87.0
46.261 -361.773 4.952 9.0
46.287 -361.596 4.82 48.0
46.263 -361.711 4.954 38.0
46.269 -361.766 4.982 21.0
46.272 -361.69 4.554 21.0
46.273 -361.683 4.571 19.0
46.296 -361.555 4.78 13.0
46.298 -361.563 4.791 255.0
46.28 -361.583 4.813 6.0
46.295 -361.578 4.816 19.0
46.286 -361.563 4.821 24.0
46.276 -361.676 4.842000000000001 18.0
46.276 -361.683 4.855 38.0
46.275 -361.671 4.850000000000001 21.0
46.273 -361.67 4.858000000000001 10.0
46.27 -361.692 4.598 255.0
46.279 -361.649 4.854 7.0
46.274 -361.682 4.595 17.0
46.281 -361.647 4.854 37.0
46.279 -361.667 4.864 26.0
46.268 -361.66 4.576000000000001 45.0
46.27 -361.655 4.867 153.0
46.283 -361.657 4.577 34.0
46.276 -361.659 4.599 255.0
46.277 -361.637 4.845 17.0
46.274 -361.599 4.847 6.0
46.28 -361.63 4.848 23.0
46.273 -361.621 4.868 88.0
46.28 -361.627 4.862 28.0
46.263 -361.669 4.876 6.0
46.258 -361.679 4.882 25.0
46.282 -361.61 4.853 37.0
46.266 -361.671 4.888 60.0
46.268 -361.677 4.903 14.0
46.278 -361.655 4.908 9.0
46.269 -361.6740000000001 4.938 0.0
46.277 -361.677 4.632 24.0
46.271 -361.656 4.629 45.0
46.271 -361.663 4.64 15.0
46.28 -361.645 4.648 10.0
46.272 -361.684 4.653 39.0
46.278 -361.67 4.654 29.0
46.281 -361.649 4.652 41.0
46.267 -361.641 4.72 9.0
46.263 -361.682 4.677 97.0
46.277 -361.677 4.79 11.0
46.285 -361.664 4.79 255.0
46.277 -361.663 4.818000000000001 44.0
46.284 -361.667 4.82 17.0
46.275 -361.57300000000004 4.724 10.0
46.288 -361.57 4.73 14.0
46.28 -361.564 4.771 34.0
46.28 -361.538 4.64 2.0
46.291 -361.5370000000001 4.648 10.0
46.264 -361.688 4.866 112.0
46.281 -361.531 4.659 1.0
46.292 -361.539 4.65 0.0
46.272 -361.637 4.888 27.0
46.27 -361.607 4.886 8.0
49.575 -355.163 3.505 10.0
49.788 -355.242 3.404 16.0
49.78 -355.221 3.422 11.0
49.754 -355.207 3.417 19.0
49.776 -355.236 3.472 11.0
49.793 -355.238 3.475 4.0
49.773 -355.23 3.483 17.0
49.655 -355.193 3.49 4.0
49.651 -355.191 3.484 5.0
49.68 -355.183 3.515 7.0
49.71 -355.206 3.49 4.0
49.737 -355.2 3.481 14.0
49.743 -355.202 3.501 17.0
49.717 -355.216 3.517 23.0
49.753 -355.216 3.518 19.0
49.853 -355.233 3.423 20.0
49.805 -355.2270000000001 3.452 20.0
49.844 -355.229 3.444 18.0
49.808 -355.229 3.513 44.0
49.877 -355.215 3.474 3.0
49.86400000000001 -355.196 3.506 5.0
49.902 -355.201 3.523 4.0
49.916 -355.21 3.483 1.0
49.594 -355.155 3.635 11.0
49.571 -355.148 3.667 8.0
49.752 -355.226 3.572 23.0
49.777 -355.237 3.583 54.0
49.776 -355.229 3.595 14.0
49.671 -355.183 3.528 7.0
49.772 -355.24 3.61 42.0
49.693 -355.201 3.577 4.0
49.697 -355.2 3.588 11.0
49.67200000000001 -355.207 3.604 30.0
49.703 -355.196 3.604 6.0
49.626 -355.166 3.579 8.0
49.752 -355.219 3.499 20.0
49.666 -355.199 3.444 3.0
49.724 -355.206 3.543 8.0
49.716 -355.184 3.544 11.0
49.749 -355.196 3.556 15.0
49.735 -355.193 3.568 9.0
49.749 -355.206 3.436 13.0
49.714 -355.198 3.584 13.0
49.747 -355.207 3.582 10.0
49.746 -355.199 3.613 16.0
49.701 -355.22 3.678 6.0
49.913 -355.225 3.422 2.0
49.769 -355.235 3.664 18.0
49.782 -355.234 3.669 30.0
49.735 -355.236 3.682 31.0
49.758 -355.224 3.682 29.0
49.783 -355.24 3.677 10.0
49.763 -355.238 3.715 27.0
49.784 -355.235 3.703 31.0
49.648 -355.201 3.669 3.0
49.912 -355.203 3.461 2.0
49.745000000000005 -355.202 3.681 22.0
49.827 -355.234 3.573 19.0
49.85 -355.224 3.567 6.0
49.763 -355.225 3.55 8.0
49.793 -355.236 3.535 12.0
49.92500000000001 -355.228 3.533 9.0
49.781 -355.228 3.538 12.0
49.93 -355.222 3.545 4.0
49.791 -355.223 3.535 10.0
49.911 -355.22 3.568 3.0
49.792 -355.236 3.561 11.0
49.789 -355.225 3.575 9.0
49.645 -355.189 3.551 4.0
49.622 -355.179 3.555 4.0
49.905 -355.207 3.55 4.0
49.631 -355.184 3.593 5.0
49.619 -355.18 3.613 2.0
49.921 -355.208 3.599 3.0
49.831 -355.237 3.639 38.0
49.832 -355.248 3.654 35.0
49.83 -355.2390000000001 3.679 32.0
49.832 -355.228 3.688 39.0
49.807 -355.224 3.71 63.0
49.936 -355.23 3.648 1.0
49.812 -355.232 3.724 20.0
49.952 -355.228 3.676 15.0
49.96 -355.231 3.663 10.0
49.967 -355.226 3.698 1.0
49.96 -355.233 3.71 7.0
49.957 -355.23 3.721 4.0
49.73900000000001 -355.234 3.644 34.0
49.727 -355.229 3.673 27.0
49.646 -355.202 3.688 5.0
49.756 -355.205 3.662 18.0
49.772 -355.203 3.664 13.0
49.771 -355.212 3.676 65.0
49.815 -355.222 3.61 10.0
49.935 -355.238 3.6 0.0
49.893 -355.209 3.564 4.0
49.886 -355.205 3.584 5.0
49.882 -355.242 3.666 33.0
49.899 -355.217 3.667 65.0
49.86100000000001 -355.231 3.679 32.0
49.884 -355.236 3.7 32.0
49.868 -355.24 3.712 28.0
49.866 -355.241 3.724 25.0
49.931000000000004 -355.225 3.701 61.0
49.908 -355.24 3.722 51.0
49.942 -355.238 3.721 29.0
49.923 -355.216 3.667 1.0
49.716 -355.234 3.732 50.0
49.717 -355.23 3.736 61.0
49.74 -355.233 3.727 23.0
49.754 -355.225 3.752 18.0
49.73600000000001 -355.2270000000001 3.765 29.0
49.73600000000001 -355.234 3.789 58.0
49.634 -355.1860000000001 3.783 8.0
49.759 -355.21 3.787 22.0
49.759 -355.213 3.813 16.0
49.776 -355.223 3.883 13.0
49.801 -355.243 3.921 21.0
49.773 -355.22 3.915 14.0
49.695 -355.2 3.857 4.0
49.698 -355.188 3.856 10.0
49.772 -355.208 3.873 4.0
49.746 -355.2 3.903 10.0
49.757 -355.211 3.9 17.0
49.848 -355.242 3.745 4.0
49.814 -355.24 3.727 52.0
49.831 -355.238 3.729 61.0
49.809 -355.242 3.782 8.0
49.852 -355.247 3.781 58.0
49.93 -355.226 3.736 0.0
49.845 -355.241 3.782 58.0
49.923 -355.226 3.774 1.0
49.951 -355.2390000000001 3.775 50.0
49.849 -355.231 3.824 7.0
49.948 -355.237 3.775 52.0
49.856 -355.21 3.743 3.0
49.765 -355.224 3.737 44.0
49.771 -355.236 3.82 19.0
49.771 -355.219 3.736 21.0
49.791 -355.235 3.802 14.0
49.763 -355.224 3.75 31.0
49.785 -355.236 3.809 9.0
49.788 -355.23 3.747 59.0
49.79700000000001 -355.237 3.741 55.0
49.784 -355.244 3.77 51.0
49.76 -355.237 3.769 54.0
49.792 -355.238 3.759 56.0
49.657 -355.204 3.743 4.0
49.686 -355.203 3.756 6.0
49.688 -355.202 3.758 4.0
49.687 -355.195 3.793 4.0
49.658 -355.1860000000001 3.824 9.0
49.845 -355.193 3.868 9.0
49.787 -355.213 3.746 11.0
49.757 -355.205 3.77 19.0
49.706 -355.215 3.826 4.0
49.86700000000001 -355.206 3.842 3.0
49.86400000000001 -355.191 3.854 9.0
49.784 -355.249 3.833 58.0
49.80300000000001 -355.243 3.827 13.0
49.764 -355.223 3.851 15.0
49.804 -355.231 3.844 14.0
49.79 -355.2510000000001 3.871 31.0
49.77 -355.24 3.853 24.0
49.732 -355.209 3.836 14.0
49.731 -355.204 3.857 7.0
49.902 -355.245 3.736 55.0
49.897 -355.234 3.74 60.0
49.893 -355.237 3.753 56.0
49.939 -355.236 3.799 9.0
49.941 -355.245 3.808 1.0
49.915 -355.22 3.819 4.0
49.94 -355.23 3.806 4.0
49.886 -355.236 3.846 3.0
49.929 -355.241 3.902 2.0
49.814 -355.264 3.91 11.0
49.773 -355.215 3.935 9.0
49.771 -355.211 3.963 12.0
