42.991 -293.643 7.935 1.0
42.98600000000001 -293.515 7.999000000000001 2.0
42.98600000000001 -292.993 8.007 2.0
42.963 -292.971 8.035 1.0
42.979 -293.532 7.904 2.0
42.998 -292.949 8.008000000000001 1.0
42.945 -290.564 8.01 0.0
42.952 -290.738 8.036 2.0
42.932 -290.72 8.033 1.0
42.951 -290.595 8.037 2.0
42.947 -290.581 8.022 0.0
42.934 -290.481 8.048 2.0
42.926 -290.442 8.039 1.0
42.904 -289.762 7.986 2.0
42.887 -289.75 7.991000000000001 2.0
42.91900000000001 -289.587 8.034 1.0
42.916 -289.532 8.024000000000001 1.0
42.912 -289.409 8.074 1.0
42.93 -289.3760000000001 8.066 2.0
42.819 -288.431 8.094 3.0
42.914 -288.587 8.1 1.0
42.916 -288.566 8.109 2.0
42.899 -288.444 7.935 1.0
42.907 -288.401 8.079 1.0
42.791 -288.246 8.019 6.0
42.841 -288.294 7.807 6.0
42.838 -288.3 7.831 13.0
42.935 -288.293 7.904 11.0
42.844 -288.206 7.874000000000001 2.0
42.895 -288.255 7.914000000000001 1.0
42.943 -289.605 8.005 1.0
42.863 -288.22 8.016 5.0
42.885 -288.15500000000003 8.024000000000001 1.0
42.899 -287.968 8.014 1.0
42.906 -287.907 8.011000000000001 1.0
42.936 -287.592 7.932 1.0
42.905 -288.276 8.113 8.0
42.898 -288.285 8.142 7.0
42.91 -289.135 8.039 2.0
42.898 -287.425 7.888 1.0
42.911 -288.311 7.937 6.0
42.868 -288.335 7.979 3.0
42.839 -288.241 8.005 1.0
42.915 -287.117 7.887 1.0
42.92 -286.912 7.953 1.0
42.844 -288.278 8.018 6.0
42.895 -286.75 8.112 0.0
42.903 -287.59000000000003 7.905 1.0
42.888 -287.931 8.032 1.0
42.86700000000001 -286.594 8.129 1.0
42.86400000000001 -286.209 8.122 2.0
42.957 -287.30400000000003 7.859 1.0
42.965 -287.262 7.850000000000001 0.0
42.9 -287.459 7.934 1.0
42.933 -287.137 7.844 1.0
42.903 -286.895 7.946 1.0
42.856 -286.221 8.124 2.0
42.84 -286.233 8.137 3.0
42.827 -284.54200000000003 8.043000000000001 1.0
42.819 -284.66700000000003 8.115 1.0
42.847 -284.658 8.035 2.0
42.862 -284.502 8.003 1.0
42.759 -283.939 8.069 1.0
42.77 -283.946 8.123 1.0
42.77 -283.569 8.105 1.0
42.767 -283.36 8.094 2.0
42.793 -283.551 8.112 1.0
42.759 -283.439 8.138 2.0
42.754 -283.378 8.145 1.0
42.84 -284.668 8.071 1.0
42.846 -284.535 8.006 1.0
42.77 -283.957 8.059000000000001 1.0
42.777 -283.463 8.064 1.0
42.766 -283.242 8.064 2.0
42.754 -283.26300000000003 8.104000000000001 1.0
42.735 -282.664 8.074 1.0
42.688 -281.75100000000003 8.086 1.0
42.694 -281.737 8.071 1.0
42.683 -281.641 8.087 1.0
42.628 -279.866 8.019 2.0
42.623 -279.871 8.03 0.0
42.613 -279.777 8.044 0.0
42.61700000000001 -279.76300000000003 8.042 1.0
42.633 -279.742 8.006 1.0
42.694 -281.75100000000003 8.058 1.0
42.674 -280.937 8.035 1.0
42.501 -275.787 7.958 1.0
42.477 -275.642 8.041 1.0
42.443 -275.008 7.95 1.0
42.477 -274.96 7.962 1.0
42.421 -274.365 8.037 0.0
42.429 -274.136 7.963 2.0
42.414 -274.091 7.992 1.0
42.36100000000001 -274.072 8.038 1.0
42.437 -274.27500000000003 7.964 1.0
42.44 -274.159 7.973 1.0
42.409 -273.988 7.997 0.0
42.449 -273.26300000000003 7.906000000000001 0.0
42.431 -273.237 7.882000000000001 0.0
42.493 -275.606 8.05 1.0
42.485 -274.914 8.011000000000001 0.0
42.418 -274.017 8.037 2.0
42.438 -274.346 8.017 2.0
42.36100000000001 -273.11400000000003 7.943000000000001 0.0
42.42800000000001 -273.115 7.914000000000001 1.0
42.418 -273.004 7.944 1.0
42.396 -272.91700000000003 7.967000000000001 1.0
42.394 -272.843 8.075 2.0
42.322 -272.85 8.011000000000001 1.0
42.446 -273.10200000000003 7.945 0.0
42.30300000000001 -270.223 7.885 2.0
42.343 -269.731 7.777 1.0
42.347 -269.777 7.848 1.0
42.326 -269.671 7.827 1.0
42.312 -269.656 7.874000000000001 2.0
42.242 -269.56 7.841 2.0
42.245 -269.545 7.869 4.0
42.263 -268.815 7.797000000000001 1.0
42.272 -268.801 7.788 1.0
42.246 -267.433 7.708 1.0
42.213 -269.659 7.892 1.0
42.326 -269.579 7.811 5.0
42.29700000000001 -269.284 7.802 0.0
42.321 -268.865 7.734 1.0
42.241 -266.544 7.695 2.0
42.196 -264.55400000000003 7.53 1.0
42.137 -264.41700000000003 7.481 1.0
42.201 -264.435 7.548 1.0
42.12 -263.796 7.49 1.0
42.17800000000001 -263.807 7.51 1.0
42.234 -265.998 7.619 2.0
42.221 -264.425 7.44 1.0
42.126 -264.43 7.53 1.0
42.103 -262.483 7.388 1.0
42.066 -261.664 7.381 1.0
42.136 -261.805 7.436 0.0
42.076 -261.55400000000003 7.391 1.0
42.138 -261.517 7.337 1.0
42.123 -261.50600000000003 7.43 1.0
42.143 -261.433 7.382000000000001 1.0
42.049 -261.249 7.346 2.0
42.063 -261.23 7.392 1.0
42.13 -260.825 7.347 2.0
42.056 -260.696 7.361 0.0
42.056 -260.573 7.332 1.0
42.072 -260.467 7.319 1.0
42.083 -261.55400000000003 7.351 1.0
42.09 -261.436 7.364 0.0
42.064 -260.747 7.34 1.0
42.133 -260.675 7.322 1.0
42.022 -259.315 7.283 2.0
41.997 -258.369 7.23 1.0
42.008 -258.041 7.213 1.0
41.994 -258.13800000000003 7.233000000000001 2.0
41.999 -258.128 7.254 2.0
41.995 -256.908 7.159 1.0
42.03 -256.567 7.172 1.0
42.031 -256.556 7.181 1.0
41.964 -256.17900000000003 7.137 1.0
42.021 -256.094 7.13 1.0
42.028 -256.099 7.157 1.0
42.004 -255.685 7.143 2.0
42.02 -256.865 7.191 1.0
41.974 -256.217 7.166 1.0
42.023 -255.717 7.175 1.0
42.099 -259.779 7.309 1.0
42.11400000000001 -259.823 7.318000000000001 1.0
42.107 -259.466 7.274 1.0
42.122 -259.464 7.277 0.0
42.084 -259.375 7.295 1.0
42.07 -258.42 7.256 0.0
42.082 -258.353 7.244 2.0
42.04 -257.49 7.195 1.0
42.037 -257.508 7.209000000000001 1.0
42.036 -256.07 7.127 1.0
42.107 -259.855 7.272 1.0
42.094 -259.74 7.339 1.0
42.073 -258.319 7.229 1.0
42.074 -258.104 7.225000000000001 2.0
42.036 -256.932 7.173 1.0
41.963 -253.147 7.103 0.0
41.909 -250.356 6.999000000000001 2.0
41.835 -250.281 7.041 2.0
41.929 -252.99200000000002 7.095 0.0
41.956 -252.99200000000002 7.079 2.0
41.893 -250.334 6.999000000000001 1.0
