43.14 -293.303 1.818 32.0
43.168 -293.285 1.81 29.0
43.106 -293.224 1.824 28.0
43.133 -293.189 1.824 38.0
43.167 -293.164 1.821 34.0
43.11400000000001 -293.277 1.847 32.0
43.11400000000001 -293.278 1.849 35.0
43.11 -293.273 1.853 29.0
43.096 -293.252 1.851 38.0
43.094 -293.254 1.853 41.0
43.101 -293.244 1.856 37.0
43.109 -293.254 1.865 24.0
43.105 -293.248 1.879 25.0
43.127 -293.289 1.886 27.0
43.113 -293.285 1.905 35.0
43.127 -293.286 1.923 35.0
43.146 -293.298 1.842 22.0
43.144 -293.286 1.84 30.0
43.159 -293.295 1.838 13.0
43.134 -293.292 1.882 23.0
43.198 -293.291 1.9 22.0
43.204 -293.287 1.912 18.0
43.09 -293.224 1.853 41.0
43.092 -293.224 1.853 37.0
43.1 -293.216 1.858 40.0
43.124 -293.204 1.837 31.0
43.096 -293.21 1.906 39.0
43.106 -293.189 1.858 34.0
43.102 -293.214 1.881 34.0
43.123 -293.223 1.868 21.0
43.11 -293.212 1.868 35.0
43.11 -293.216 1.894 32.0
43.18 -293.203 1.847 25.0
43.098 -293.209 1.892 38.0
43.185 -293.224 1.876 18.0
43.105 -293.229 1.92 32.0
43.106 -293.191 1.923 39.0
43.132 -293.163 1.855 26.0
43.198 -293.174 1.872 35.0
43.213 -293.17 1.871 26.0
43.164 -293.169 1.835 37.0
43.161 -293.179 1.856 37.0
43.147 -293.185 1.876 37.0
43.176 -293.176 1.865 36.0
43.158 -293.16 1.865 34.0
43.136 -293.184 1.893 39.0
43.171 -293.162 1.891 32.0
43.197 -293.153 1.931 24.0
43.134 -293.169 1.92 35.0
43.1 -293.261 1.996 28.0
43.11700000000001 -293.284 1.983 35.0
43.11700000000001 -293.278 1.99 35.0
43.10800000000001 -293.269 2.006 35.0
43.099 -293.258 1.984 39.0
43.165 -293.291 1.989 31.0
43.123 -293.281 2.011 27.0
43.136 -293.286 2.012 30.0
43.147 -293.287 2.012 34.0
43.113 -293.261 2.01 36.0
43.112 -293.264 2.016 38.0
43.102 -293.2510000000001 2.015 37.0
43.099 -293.237 2.019 42.0
43.11100000000001 -293.235 2.012 27.0
43.112 -293.233 1.936 28.0
43.115 -293.225 1.955 22.0
43.127 -293.194 1.936 37.0
43.1 -293.232 1.961 41.0
43.102 -293.221 1.97 35.0
43.106 -293.204 1.962 41.0
43.12 -293.195 1.97 39.0
43.15 -293.163 1.935 36.0
43.159 -293.175 1.953 36.0
43.155 -293.156 1.957 21.0
43.131 -293.165 1.97 35.0
43.148 -293.198 1.984 30.0
43.132 -293.216 2.028 35.0
43.133 -293.185 1.997 34.0
43.146 -293.169 2.012 38.0
43.16 -293.179 2.027 40.0
43.112 -293.274 2.046 32.0
43.11700000000001 -293.253 2.048 21.0
43.104 -293.246 2.048 40.0
43.123 -293.276 2.06 35.0
43.124 -293.281 2.064 18.0
43.099 -293.243 2.069 33.0
43.098 -293.243 2.081 26.0
43.11100000000001 -293.253 2.062 23.0
43.109 -293.254 2.082 31.0
43.128 -293.281 2.084 35.0
43.113 -293.267 2.119 31.0
43.103 -293.236 2.121 36.0
43.168 -293.272 2.073 27.0
43.1 -293.268 1.891 37.0
43.106 -293.265 1.888 33.0
43.109 -293.2750000000001 1.901 22.0
43.094 -293.237 1.892 41.0
43.18 -293.284 2.074 29.0
43.102 -293.242 1.903 33.0
43.101 -293.274 1.911 28.0
43.115 -293.279 1.917 35.0
43.11 -293.27 1.92 32.0
43.1 -293.218 2.05 43.0
43.121 -293.28 1.921 34.0
43.099 -293.213 2.053 34.0
43.093 -293.255 1.927 30.0
43.107 -293.19 2.051 38.0
43.11100000000001 -293.185 2.053 41.0
43.103 -293.214 2.07 39.0
43.116 -293.225 2.063 31.0
43.115 -293.213 2.063 35.0
43.118 -293.226 2.076 24.0
43.148 -293.301 1.931 29.0
43.173 -293.3 1.916 23.0
43.118 -293.181 2.122 34.0
43.156 -293.269 1.892 30.0
43.205 -293.21 2.045 26.0
43.124 -293.179 1.868 39.0
43.202 -293.146 2.058 16.0
43.205 -293.158 2.071 28.0
43.205 -293.157 2.076 32.0
43.132 -293.193 2.127 33.0
43.134 -293.168 2.107 36.0
43.137 -293.177 2.121 39.0
43.173 -293.161 2.125 36.0
43.147 -293.157 2.119 26.0
43.17200000000001 -293.154 2.119 32.0
43.187 -293.156 2.111 36.0
43.103 -293.267 1.946 36.0
43.115 -293.274 1.936 36.0
43.089 -293.238 1.939 26.0
43.264 -293.213 1.83 17.0
43.096 -293.24 1.948 43.0
43.106 -293.2630000000001 1.959 33.0
43.112 -293.262 1.967 23.0
43.118 -293.284 1.981 31.0
43.147 -293.283 2.004 24.0
43.17500000000001 -293.281 1.997 23.0
43.13 -293.292 1.94 27.0
43.165 -293.294 1.973 16.0
43.103 -293.234 2.013 43.0
43.097 -293.223 2.017 44.0
43.096 -293.207 2.014 40.0
43.097 -293.207 2.02 37.0
43.126 -293.199 2.012 37.0
43.119 -293.178 1.961 32.0
43.104 -293.195 2.018 40.0
43.227 -293.171 1.947 21.0
43.211 -293.164 2.004 35.0
43.185 -293.157 1.994 33.0
43.21 -293.169 2.023 28.0
43.182 -293.1500000000001 2.009 30.0
43.189 -293.155 2.032 32.0
43.252 -293.175 1.976 19.0
43.157 -293.294 2.054 19.0
43.147 -293.288 2.076 34.0
43.23 -293.174 2.027 28.0
43.16900000000001 -293.268 2.089 30.0
43.164 -293.27 2.106 23.0
43.148 -293.284 2.119 31.0
43.112 -293.233 2.106 31.0
43.098 -293.222 2.108 42.0
43.113 -293.194 2.108 39.0
43.109 -293.208 2.122 43.0
43.11 -293.208 2.122 31.0
43.138 -293.219 2.034 23.0
43.131 -293.19 2.082 27.0
43.139 -293.184 2.036 35.0
43.129 -293.18 2.064 40.0
43.13 -293.176 2.064 39.0
43.136 -293.162 2.068 32.0
43.152 -293.177 2.075 39.0
43.153 -293.154 2.063 32.0
43.173 -293.159 2.061 34.0
43.248 -293.083 2.042 32.0
43.142 -293.292 2.157 25.0
43.138 -293.288 2.167 21.0
43.152 -293.295 2.176 23.0
43.133 -293.272 2.153 36.0
43.144 -293.284 2.176 36.0
43.144 -293.289 2.188 30.0
43.129 -293.287 2.226 33.0
43.121 -293.174 2.174 34.0
43.218 -293.206 2.138 28.0
43.202 -293.158 2.143 35.0
43.199 -293.149 2.147 24.0
43.069 -293.237 2.238 30.0
43.10800000000001 -293.219 2.235 36.0
43.119 -293.222 2.239 23.0
43.113 -293.189 2.235 44.0
43.125 -293.204 2.249 24.0
43.084 -293.23 2.26 21.0
43.102 -293.203 2.266 36.0
43.085 -293.188 2.262 35.0
43.11 -293.174 2.266 31.0
43.121 -293.268 2.144 21.0
43.092 -293.238 2.144 30.0
43.116 -293.27 2.161 37.0
43.113 -293.264 2.182 42.0
43.127 -293.27 2.17 33.0
43.085 -293.151 2.284 5.0
43.124 -293.265 2.18 38.0
43.133 -293.165 2.234 33.0
43.103 -293.255 2.175 33.0
43.109 -293.257 2.172 34.0
43.112 -293.254 2.18 33.0
43.106 -293.246 2.174 41.0
43.11100000000001 -293.269 2.192 40.0
43.099 -293.2510000000001 2.185 43.0
43.092 -293.237 2.195 33.0
43.102 -293.26 2.23 36.0
43.085 -293.254 2.21 29.0
43.126 -293.259 2.219 16.0
43.115 -293.229 2.147 31.0
43.11700000000001 -293.231 2.151 26.0
43.119 -293.195 2.148 40.0
43.126 -293.187 2.152 38.0
43.092 -293.231 2.158 28.0
43.112 -293.229 2.173 38.0
43.128 -293.224 2.171 18.0
43.11 -293.201 2.175 41.0
43.099 -293.222 2.183 25.0
43.129 -293.202 2.149 23.0
43.137 -293.186 2.178 52.0
43.098 -293.226 2.208 44.0
43.11100000000001 -293.231 2.217 26.0
43.124 -293.234 2.227 10.0
43.112 -293.22 2.222 32.0
43.106 -293.198 2.208 37.0
43.133 -293.167 2.148 35.0
43.126 -293.195 2.217 46.0
43.152 -293.159 2.151 44.0
43.112 -293.188 2.224 39.0
43.146 -293.169 2.168 53.0
43.161 -293.184 2.17 56.0
43.143 -293.162 2.217 65.0
43.138 -293.249 2.244 20.0
43.137 -293.194 2.243 30.0
43.077 -291.048 1.977 46.0
43.087 -291.046 2.003 35.0
43.086 -291.072 1.975 41.0
43.086 -291.044 2.003 33.0
43.092 -291.074 1.973 40.0
43.098 -291.08 2.012 40.0
43.121 -291.089 1.97 30.0
43.128 -291.074 2.024 37.0
43.149 -291.1020000000001 1.944 25.0
43.085 -291.062 2.014 40.0
43.08 -291.055 2.015 47.0
43.089 -291.066 2.032 39.0
43.087 -291.056 2.029 30.0
43.095 -291.066 2.024 38.0
43.153 -291.087 1.95 35.0
43.16 -291.093 2.016 32.0
43.07 -291.039 1.959 23.0
43.073 -291.019 1.978 41.0
43.075 -291.033 2.017 46.0
43.073 -291.026 2.017 43.0
43.096 -291.0010000000001 1.987 36.0
43.08 -291.016 2.006 42.0
43.093 -291.012 2.004 43.0
43.087 -291.024 2.015 35.0
43.103 -290.999 2.019 32.0
43.121 -291.0 2.009 28.0
43.099 -290.981 2.005 44.0
43.123 -290.963 1.986 44.0
43.103 -290.99 2.015 42.0
43.094 -290.978 2.016 39.0
43.199 -291.009 2.021 24.0
43.213 -290.958 2.002 29.0
43.21 -290.959 2.011 18.0
43.118 -291.096 1.968 29.0
43.102 -291.074 2.038 41.0
43.101 -291.072 2.053 39.0
43.1 -291.068 2.052 17.0
43.113 -291.082 2.04 19.0
43.088 -291.044 2.055 45.0
43.121 -291.069 2.058 32.0
43.105 -291.073 2.08 38.0
43.132 -291.094 2.033 33.0
43.164 -291.089 2.02 33.0
43.155 -291.082 2.024 29.0
43.136 -291.089 2.047 28.0
43.137 -291.091 2.075 28.0
43.16900000000001 -291.101 2.106 25.0
43.165 -291.1 2.115 28.0
43.09 -291.041 2.045 35.0
43.094 -291.022 2.055 35.0
43.086 -291.007 2.047 43.0
43.102 -291.014 2.051 38.0
43.079 -291.034 2.06 46.0
43.097 -290.979 2.047 42.0
43.085 -291.006 2.06 42.0
43.107 -290.9890000000001 2.056 43.0
43.101 -291.0010000000001 2.062 33.0
43.127 -290.979 2.05 44.0
43.099 -290.9770000000001 2.059 34.0
43.087 -291.039 2.092 37.0
43.087 -291.009 2.094 43.0
43.083 -291.041 2.109 47.0
43.135 -290.995 2.056 34.0
43.098 -291.028 2.126 35.0
43.082 -291.012 2.11 45.0
43.129 -290.963 2.055 39.0
43.105 -290.994 2.127 45.0
43.16900000000001 -290.963 2.047 34.0
43.142 -290.965 2.06 44.0
43.157 -290.964 2.096 41.0
43.148 -290.959 2.11 43.0
43.15 -290.98 2.031 37.0
43.177 -290.979 2.009 41.0
43.132 -290.967 2.013 39.0
43.149 -290.967 2.016 40.0
43.173 -290.953 2.01 26.0
43.106 -291.074 2.088 25.0
43.119 -291.092 2.101 29.0
43.095 -291.067 2.106 40.0
43.11400000000001 -291.088 2.113 43.0
43.109 -291.072 2.122 16.0
43.076 -291.015 2.042 36.0
43.099 -290.982 2.094 42.0
43.112 -290.99 2.1 39.0
43.118 -290.957 2.092 34.0
43.093 -290.982 2.109 38.0
43.121 -290.965 2.126 43.0
43.226 -290.973 2.049 26.0
43.2 -290.957 2.055 26.0
43.216 -290.959 2.092 17.0
43.227 -290.956 2.103 17.0
43.21 -290.965 2.116 13.0
43.107 -291.083 2.134 35.0
43.11100000000001 -291.076 2.143 46.0
43.119 -291.075 2.143 42.0
43.098 -291.068 2.214 27.0
43.092 -291.058 2.138 42.0
43.124 -291.081 2.217 31.0
43.096 -291.058 2.143 38.0
43.099 -291.047 2.213 31.0
43.093 -291.062 2.222 20.0
43.096 -291.068 2.17 30.0
43.097 -291.057 2.228 17.0
43.11 -291.082 2.164 47.0
43.11700000000001 -291.088 2.177 31.0
43.084 -291.048 2.167 38.0
43.101 -291.052 2.162 29.0
43.087 -291.054 2.176 51.0
43.095 -291.05 2.178 29.0
43.137 -291.088 2.138 37.0
43.135 -291.094 2.195 34.0
43.16 -291.097 2.212 21.0
43.097 -291.034 2.142 24.0
43.085 -291.026 2.145 26.0
43.084 -291.0 2.141 39.0
43.1 -291.017 2.145 17.0
43.083 -291.02 2.166 40.0
43.086 -291.039 2.173 39.0
43.083 -291.011 2.175 46.0
43.098 -291.016 2.179 40.0
43.121 -290.983 2.141 45.0
43.101 -290.983 2.181 48.0
43.124 -290.979 2.169 37.0
43.082 -291.038 2.184 44.0
43.102 -291.021 2.194 30.0
43.125 -290.96 2.179 38.0
43.127 -290.993 2.185 31.0
43.085 -291.04 2.216 44.0
43.096 -291.027 2.215 32.0
43.084 -291.029 2.231 45.0
43.083 -291.0130000000001 2.218 43.0
43.156 -290.966 2.141 42.0
43.091 -291.012 2.215 39.0
43.161 -290.954 2.139 37.0
43.129 -290.974 2.195 37.0
43.166 -290.951 2.191 36.0
43.131 -290.964 2.215 41.0
43.129 -290.958 2.232 45.0
43.16900000000001 -290.947 2.212 27.0
43.103 -291.047 2.254 34.0
43.113 -291.073 2.262 27.0
43.128 -291.08 2.268 31.0
43.184 -290.954 2.202 33.0
43.129 -291.084 2.249 9.0
43.158 -291.093 2.137 33.0
43.151 -291.094 2.167 23.0
43.155 -291.094 2.158 28.0
43.129 -291.076 2.223 32.0
43.098 -291.023 2.247 34.0
43.101 -290.993 2.234 36.0
43.099 -291.016 2.256 39.0
43.089 -291.02 2.267 47.0
43.11400000000001 -291.003 2.272 27.0
43.12 -291.003 2.272 30.0
43.109 -291.011 2.284 36.0
43.127 -291.009 2.287 17.0
43.105 -291.031 2.307 30.0
43.11100000000001 -290.997 2.308 30.0
43.159 -290.971 2.238 37.0
43.122 -290.97 2.194 44.0
43.122 -290.98 2.207 38.0
43.102 -290.984 2.216 35.0
43.1 -290.984 2.217 42.0
43.105 -290.985 2.215 43.0
43.194 -290.946 2.164 32.0
43.213 -290.963 2.178 29.0
43.231 -290.959 2.135 16.0
43.10800000000001 -290.988 2.247 43.0
43.127 -290.982 2.273 41.0
42.916 -283.283 2.007 42.0
42.92500000000001 -283.295 2.031 15.0
42.934 -283.309 2.004 11.0
42.918 -283.266 2.032 36.0
42.939 -283.311 2.011 58.0
42.938 -283.299 2.03 13.0
42.964 -283.242 2.003 37.0
42.92200000000001 -283.276 2.114 27.0
42.93 -283.297 2.118 68.0
42.943 -283.301 2.11 7.0
42.92800000000001 -283.26800000000003 2.121 9.0
42.937 -283.262 2.04 4.0
42.934 -283.247 2.048 35.0
42.933 -283.22700000000003 2.05 24.0
43.02 -283.252 2.082 29.0
42.953 -283.221 2.047 15.0
42.937 -283.24 2.062 28.0
42.93 -283.242 2.081 17.0
42.945 -283.23 2.074 12.0
42.953 -283.22 2.116 27.0
43.035 -283.264 2.089 23.0
42.923 -283.301 2.039 56.0
42.924 -283.3 2.053 67.0
42.917 -283.287 2.055 14.0
42.91900000000001 -283.273 2.047 24.0
42.93 -283.301 2.044 6.0
42.952 -283.314 2.051 25.0
42.936 -283.294 2.034 48.0
42.932 -283.282 2.046 7.0
42.938 -283.318 2.06 17.0
42.942 -283.311 2.082 6.0
42.943 -283.274 2.067 48.0
42.939 -283.287 2.072 10.0
42.927 -283.255 2.075 44.0
42.94 -283.218 2.046 7.0
42.968 -283.217 2.078 21.0
42.931 -283.248 2.117 18.0
42.933 -283.237 2.122 42.0
43.031 -283.241 2.023 33.0
42.917 -283.277 2.157 44.0
42.92800000000001 -283.296 2.204 46.0
42.924 -283.279 2.202 13.0
42.943 -283.303 2.197 7.0
42.963 -283.313 2.199 7.0
42.966 -283.302 2.21 7.0
42.929 -283.287 2.215 27.0
42.932 -283.282 2.225 5.0
42.923 -283.255 2.151 49.0
42.924 -283.25600000000003 2.169 15.0
42.935 -283.26 2.14 8.0
42.943 -283.23 2.15 11.0
42.963 -283.225 2.139 41.0
42.934 -283.259 2.164 12.0
42.92500000000001 -283.267 2.215 7.0
42.939 -283.249 2.177 16.0
42.934 -283.228 2.169 38.0
42.942 -283.225 2.165 41.0
42.969 -283.221 2.176 30.0
43.002 -283.265 2.133 17.0
43.003 -283.247 2.144 28.0
42.985 -283.231 2.135 26.0
42.945 -283.217 2.227 20.0
42.91900000000001 -283.284 2.264 52.0
42.942 -283.302 2.255 63.0
42.938 -283.29200000000003 2.233 7.0
42.933 -283.29200000000003 2.241 8.0
42.951 -283.308 2.26 11.0
42.948 -283.288 2.259 56.0
42.929 -283.278 2.267 0.0
42.942 -283.276 2.269 56.0
42.939 -283.282 2.27 10.0
42.91900000000001 -283.26 2.305 6.0
42.92800000000001 -283.237 2.293 36.0
42.929 -283.26 2.235 32.0
42.91900000000001 -283.257 2.319 49.0
42.94 -283.234 2.235 20.0
42.92500000000001 -283.241 2.314 16.0
42.932 -283.234 2.239 12.0
42.932 -283.243 2.266 8.0
42.938 -283.237 2.268 30.0
42.944 -283.231 2.27 23.0
42.979 -283.209 2.236 26.0
42.99 -283.209 2.267 10.0
42.979 -283.216 2.279 36.0
42.99 -283.222 2.32 37.0
43.0 -283.216 2.307 12.0
43.095 -283.262 2.199 13.0
42.996 -283.206 2.309 5.0
42.991 -283.20300000000003 2.33 30.0
42.918 -283.274 2.4 15.0
42.91900000000001 -283.273 2.398 58.0
42.921 -283.259 2.334 9.0
42.91900000000001 -283.259 2.36 29.0
42.924 -283.231 2.361 22.0
42.936 -283.259 2.35 8.0
42.92200000000001 -283.27 2.391 47.0
42.915 -283.247 2.402 52.0
42.937 -283.221 2.351 47.0
42.949 -283.244 2.368 7.0
42.92800000000001 -283.236 2.396 40.0
42.933 -283.241 2.381 9.0
42.92500000000001 -283.267 2.431 22.0
43.004 -283.22 2.366 33.0
42.927 -283.26 2.431 6.0
43.027 -283.211 2.362 5.0
42.946 -283.218 2.404 33.0
42.954 -283.212 2.395 7.0
42.967 -283.207 2.404 29.0
42.975 -283.198 2.403 5.0
43.009 -283.21 2.392 38.0
43.02 -283.213 2.397 34.0
43.021 -283.204 2.401 2.0
42.981 -283.20300000000003 2.429 7.0
42.949 -283.299 2.461 4.0
42.94 -283.278 2.461 4.0
42.946 -283.291 2.477 7.0
42.92 -283.23900000000003 2.433 31.0
42.927 -283.267 2.48 37.0
42.923 -283.237 2.463 22.0
42.929 -283.269 2.465 17.0
42.929 -283.27 2.473 2.0
42.937 -283.301 2.153 8.0
42.932 -283.241 2.465 51.0
42.933 -283.276 2.142 3.0
42.932 -283.224 2.474 32.0
42.931 -283.285 2.149 12.0
42.964 -283.311 2.175 6.0
42.98300000000001 -283.305 2.196 26.0
42.931 -283.265 2.497 6.0
42.929 -283.23900000000003 2.508 13.0
43.013 -283.23900000000003 2.495 31.0
42.973 -283.265 2.194 12.0
42.933 -283.247 2.226 27.0
42.941 -283.228 2.215 41.0
42.982 -283.214 2.212 8.0
42.99200000000001 -283.206 2.223 6.0
42.944 -283.206 2.508 55.0
42.926 -283.279 2.299 81.0
42.923 -283.286 2.318 14.0
42.981 -283.19 2.506 5.0
42.985 -283.193 2.529 10.0
42.934 -283.303 2.295 79.0
42.944 -283.3 2.302 55.0
42.93 -283.271 2.291 6.0
42.938 -283.29200000000003 2.306 7.0
42.934 -283.297 2.317 74.0
42.973 -283.212 2.233 5.0
42.965 -283.211 2.266 14.0
42.975 -283.208 2.263 30.0
42.939 -283.26800000000003 2.288 32.0
42.934 -283.261 2.284 20.0
42.94 -283.269 2.294 49.0
42.933 -283.26300000000003 2.308 31.0
42.937 -283.235 2.308 20.0
42.946 -283.238 2.311 13.0
42.948 -283.212 2.292 17.0
42.94 -283.214 2.316 39.0
42.946 -283.213 2.313 36.0
42.964 -283.21 2.307 4.0
43.04 -283.269 2.143 23.0
42.971 -283.201 2.331 15.0
43.046 -283.25 2.158 24.0
43.029 -283.206 2.485 27.0
42.946 -283.298 2.392 4.0
42.951 -283.299 2.394 42.0
42.952 -283.299 2.396 4.0
42.955 -283.298 2.402 10.0
42.945 -283.301 2.352 9.0
42.941 -283.29 2.395 58.0
42.943 -283.274 2.34 47.0
42.94 -283.277 2.406 37.0
42.959 -283.286 2.393 10.0
42.969 -283.305 2.361 2.0
42.978 -283.295 2.377 19.0
42.967 -283.299 2.412 13.0
42.934 -283.287 2.357 7.0
42.95 -283.291 2.428 6.0
42.932 -283.288 2.366 11.0
42.94 -283.278 2.37 63.0
42.976 -283.219 2.338 40.0
42.971 -283.209 2.344 42.0
42.972 -283.20300000000003 2.349 8.0
42.964 -283.209 2.379 47.0
42.929 -283.265 2.395 17.0
42.934 -283.248 2.404 18.0
42.943 -283.24 2.405 17.0
42.932 -283.245 2.429 2.0
42.943 -283.221 2.431 49.0
42.92500000000001 -283.271 2.608 80.0
42.933 -283.279 2.531 93.0
42.931 -283.288 2.552 83.0
42.94 -283.295 2.485 35.0
42.941 -283.282 2.553 8.0
42.964 -283.305 2.529 8.0
42.934 -283.271 2.554 10.0
42.934 -283.289 2.528 13.0
42.941 -283.279 2.578 15.0
42.963 -283.29 2.53 6.0
42.959 -283.281 2.556 12.0
42.91900000000001 -283.24 2.482 16.0
42.92500000000001 -283.232 2.499 38.0
42.92200000000001 -283.267 2.515 14.0
42.98 -283.296 2.546 9.0
42.937 -283.27500000000003 2.588 10.0
42.945 -283.287 2.605 22.0
42.974 -283.295 2.623 15.0
42.941 -283.277 2.62 9.0
42.93 -283.209 2.433 7.0
42.939 -283.211 2.463 30.0
42.948 -283.21500000000003 2.465 8.0
42.965 -283.204 2.472 18.0
42.937 -283.21500000000003 2.532 19.0
42.941 -283.219 2.536 57.0
42.947 -283.216 2.555 11.0
42.944 -283.208 2.55 47.0
42.965 -283.196 2.535 9.0
42.966 -283.192 2.58 7.0
42.932 -283.246 2.581 13.0
42.933 -283.247 2.621 71.0
42.94 -283.235 2.621 10.0
42.944 -283.221 2.622 14.0
42.934 -283.211 2.587 40.0
42.944 -283.216 2.581 66.0
42.974 -283.19 2.584 10.0
43.015 -283.208 2.627 7.0
42.952 -283.219 2.618 12.0
43.023 -283.197 2.629 1.0
42.972 -283.196 2.621 3.0
42.927 -283.273 2.637 62.0
43.016 -283.19100000000003 2.616 3.0
42.962 -283.195 2.619 50.0
42.953 -283.3 2.634 12.0
42.971 -283.297 2.636 3.0
42.932 -283.278 2.64 13.0
42.942 -283.271 2.66 5.0
42.935 -283.27500000000003 2.669 8.0
42.981 -283.287 2.704 6.0
42.92 -283.252 2.642 89.0
42.927 -283.23900000000003 2.632 15.0
42.923 -283.247 2.671 48.0
42.92500000000001 -283.234 2.662 24.0
42.921 -283.244 2.704 23.0
42.927 -283.234 2.703 11.0
42.92800000000001 -283.264 2.711 19.0
42.931 -283.25600000000003 2.648 6.0
42.942 -283.23 2.634 18.0
42.931 -283.267 2.678 2.0
42.921 -283.236 2.713 9.0
42.944 -283.249 2.676 6.0
42.934 -283.221 2.679 26.0
42.979 -283.195 2.646 8.0
42.987 -283.20300000000003 2.672 33.0
42.938 -283.242 2.696 3.0
42.981 -283.189 2.693 44.0
42.982 -283.188 2.701 7.0
42.936 -283.254 2.721 8.0
43.008 -283.193 2.693 10.0
42.932 -283.244 2.714 43.0
42.962 -283.286 2.741 53.0
42.954 -283.283 2.743 6.0
42.947 -283.272 2.776 41.0
42.97 -283.281 2.756 6.0
42.92 -283.232 2.748 50.0
42.926 -283.273 2.535 23.0
42.923 -283.234 2.762 18.0
42.929 -283.259 2.746 25.0
42.933 -283.266 2.76 36.0
42.935 -283.252 2.777 33.0
42.958 -283.264 2.772 35.0
42.931 -283.245 2.758 10.0
42.931 -283.224 2.778 41.0
42.935 -283.212 2.758 63.0
42.954 -283.199 2.778 15.0
42.939 -283.247 2.801 24.0
42.961 -283.19 2.758 13.0
42.949 -283.25600000000003 2.801 22.0
42.945 -283.22700000000003 2.802 15.0
42.959 -283.244 2.799 1.0
42.918 -283.257 2.562 51.0
42.932 -283.254 2.536 7.0
42.933 -283.242 2.555 67.0
42.92 -283.254 2.581 60.0
42.937 -283.222 2.573 13.0
42.923 -283.253 2.583 2.0
42.997 -283.196 2.546 8.0
42.981 -283.194 2.553 1.0
42.982 -283.19 2.569 14.0
42.993 -283.186 2.578 7.0
42.97 -283.303 2.696 0.0
42.944 -283.281 2.699 9.0
42.967 -283.289 2.698 6.0
42.961 -283.281 2.704 18.0
42.95 -283.29 2.708 4.0
42.939 -283.274 2.709 63.0
42.933 -283.274 2.713 10.0
42.953 -283.277 2.724 29.0
42.953 -283.216 2.632 35.0
42.943 -283.21500000000003 2.647 51.0
42.969 -283.199 2.632 27.0
42.967 -283.19 2.632 7.0
42.961 -283.196 2.677 20.0
42.948 -283.218 2.697 13.0
42.941 -283.201 2.703 46.0
42.939 -283.217 2.714 27.0
42.931 -283.208 2.713 12.0
42.937 -283.216 2.722 39.0
42.968 -283.194 2.713 6.0
42.965 -283.194 2.721 17.0
42.897 -280.747 1.972 10.0
42.877 -280.726 2.011 43.0
42.916 -280.673 2.008 39.0
42.907 -280.67 2.029 40.0
42.939 -280.66700000000003 2.029 20.0
42.966 -280.67 2.023 11.0
42.909 -280.755 2.087 2.0
42.915 -280.767 2.097 7.0
42.892 -280.742 2.101 22.0
42.904 -280.745 2.109 6.0
42.92500000000001 -280.67900000000003 2.053 39.0
42.912 -280.669 2.059 16.0
42.92500000000001 -280.665 2.065 16.0
42.91900000000001 -280.672 2.073 41.0
42.958 -280.672 2.069 33.0
42.967 -280.67900000000003 2.059 11.0
42.931 -280.666 2.117 10.0
42.914 -280.764 1.995 8.0
42.92800000000001 -280.766 2.007 7.0
42.883 -280.719 1.976 30.0
42.891 -280.752 1.983 15.0
42.889 -280.752 1.991 33.0
42.884 -280.74 1.984 36.0
42.929 -280.761 2.01 9.0
42.949 -280.764 2.018 4.0
42.923 -280.753 1.99 9.0
42.896 -280.754 2.025 36.0
42.924 -280.764 2.012 2.0
42.916 -280.761 2.026 10.0
42.883 -280.747 2.017 36.0
42.887 -280.724 1.986 9.0
42.894 -280.752 2.008 13.0
42.885 -280.714 1.997 14.0
42.88 -280.696 1.986 22.0
42.895 -280.682 1.998 45.0
42.891 -280.701 2.01 15.0
42.895 -280.689 2.032 18.0
42.926 -280.77 2.033 7.0
42.906 -280.765 2.041 16.0
42.92500000000001 -280.75600000000003 2.053 7.0
42.893 -280.744 2.039 19.0
42.885 -280.738 2.035 43.0
42.908 -280.747 2.033 11.0
42.908 -280.758 2.075 19.0
42.887 -280.717 2.04 45.0
42.898 -280.688 2.04 11.0
42.913 -280.694 2.05 12.0
42.889 -280.726 2.058 10.0
42.893 -280.709 2.074 9.0
42.882 -280.722 2.092 15.0
42.891 -280.693 2.06 35.0
42.879 -280.716 2.104 38.0
42.904 -280.693 2.066 31.0
42.882 -280.694 2.094 43.0
42.911 -280.69100000000003 2.064 30.0
42.891 -280.686 2.103 8.0
42.893 -280.722 2.118 11.0
42.892 -280.709 2.113 20.0
42.88 -280.724 2.132 18.0
42.899 -280.685 2.12 43.0
42.895 -280.678 2.114 33.0
42.903 -280.672 2.131 39.0
42.98600000000001 -280.676 2.044 12.0
42.911 -280.759 2.142 8.0
42.881 -280.738 2.147 21.0
42.896 -280.754 2.166 12.0
42.912 -280.759 2.178 8.0
42.888 -280.737 2.182 28.0
42.875 -280.699 2.17 12.0
42.88 -280.725 2.133 22.0
42.902 -280.699 2.138 11.0
42.91900000000001 -280.702 2.137 31.0
42.89 -280.721 2.163 9.0
42.887 -280.743 2.186 24.0
42.885 -280.714 2.178 12.0
42.898 -280.75100000000003 2.194 11.0
42.891 -280.68 2.179 51.0
42.896 -280.754 2.213 36.0
42.905 -280.765 2.209 13.0
42.881 -280.736 2.209 23.0
42.88 -280.741 2.213 43.0
42.884 -280.724 2.197 42.0
42.887 -280.696 2.198 16.0
42.88 -280.72700000000003 2.212 37.0
42.888 -280.72700000000003 2.231 10.0
42.899 -280.702 2.218 19.0
42.935 -280.777 2.188 2.0
42.9 -280.676 2.163 43.0
42.918 -280.658 2.177 9.0
42.917 -280.666 2.195 4.0
42.907 -280.668 2.232 15.0
42.965 -280.669 2.134 13.0
42.942 -280.662 2.16 9.0
42.873 -280.733 2.25 44.0
42.876 -280.729 2.277 15.0
42.894 -280.711 2.235 16.0
42.879 -280.723 2.246 25.0
42.897 -280.72700000000003 2.254 23.0
42.886 -280.693 2.233 40.0
42.872 -280.721 2.31 43.0
42.885 -280.7 2.252 40.0
42.88 -280.725 2.261 46.0
42.894 -280.728 2.264 9.0
42.893 -280.712 2.278 18.0
42.887 -280.699 2.286 13.0
42.884 -280.696 2.262 18.0
42.88 -280.704 2.29 45.0
42.9 -280.683 2.279 30.0
42.911 -280.693 2.287 17.0
42.907 -280.692 2.264 41.0
42.885 -280.71500000000003 2.308 12.0
42.909 -280.693 2.271 24.0
42.895 -280.694 2.318 22.0
42.898 -280.683 2.308 37.0
42.871 -280.721 2.216 10.0
42.871 -280.726 2.23 21.0
42.93 -280.76300000000003 2.307 13.0
42.987 -280.704 2.331 7.0
42.9 -280.672 2.301 45.0
42.871 -280.713 2.336 26.0
42.876 -280.724 2.356 49.0
42.874 -280.723 2.372 15.0
42.878 -280.734 2.398 22.0
42.869 -280.713 2.393 16.0
42.93 -280.753 2.372 16.0
42.933 -280.761 2.391 8.0
42.907 -280.676 2.353 7.0
42.92 -280.672 2.36 45.0
42.903 -280.668 2.404 16.0
42.936 -280.668 2.335 28.0
42.902 -280.675 2.418 7.0
42.91900000000001 -280.661 2.425 21.0
42.876 -280.711 2.445 36.0
42.892 -280.71500000000003 2.444 17.0
42.881 -280.684 2.446 27.0
42.891 -280.683 2.445 46.0
42.893 -280.721 2.461 10.0
42.909 -280.72700000000003 2.466 6.0
42.913 -280.726 2.469 23.0
42.899 -280.681 2.462 52.0
42.886 -280.712 2.496 16.0
42.881 -280.714 2.509 53.0
42.895 -280.685 2.509 12.0
42.935 -280.685 2.502 52.0
42.892 -280.676 2.496 56.0
42.911 -280.669 2.522 53.0
43.048 -280.75100000000003 2.35 32.0
42.93 -280.66 2.46 14.0
43.045 -280.75100000000003 2.371 29.0
42.895 -280.746 2.245 39.0
42.892 -280.73 2.25 10.0
42.904 -280.75 2.242 19.0
42.904 -280.734 2.238 27.0
42.905 -280.752 2.245 13.0
42.911 -280.76 2.272 24.0
42.887 -280.746 2.257 24.0
42.897 -280.75 2.258 14.0
42.909 -280.75 2.275 6.0
42.877 -280.728 2.571 51.0
42.878 -280.717 2.576 56.0
42.883 -280.732 2.288 11.0
42.891 -280.746 2.306 13.0
42.904 -280.748 2.292 27.0
42.907 -280.745 2.3 23.0
42.894 -280.754 2.315 36.0
42.906 -280.762 2.33 8.0
42.887 -280.736 2.313 23.0
42.921 -280.75100000000003 2.309 9.0
42.924 -280.764 2.582 10.0
42.909 -280.759 2.594 37.0
42.913 -280.762 2.604 12.0
42.888 -280.732 2.593 41.0
42.903 -280.747 2.596 7.0
42.918 -280.76300000000003 2.624 6.0
42.883 -280.742 2.628 17.0
42.906 -280.752 2.622 14.0
42.883 -280.695 2.603 18.0
42.883 -280.687 2.594 16.0
42.885 -280.713 2.609 17.0
42.889 -280.699 2.61 5.0
42.932 -280.66700000000003 2.263 12.0
42.888 -280.683 2.61 63.0
42.904 -280.689 2.621 40.0
42.933 -280.666 2.306 9.0
42.971 -280.673 2.314 17.0
42.956 -280.678 2.325 42.0
42.908 -280.759 2.349 8.0
42.902 -280.752 2.334 43.0
42.9 -280.746 2.352 13.0
42.891 -280.732 2.352 31.0
42.915 -280.76 2.386 10.0
42.882 -280.743 2.391 39.0
42.896 -280.737 2.406 8.0
42.907 -280.759 2.414 8.0
42.92200000000001 -280.759 2.431 6.0
42.887 -280.734 2.418 30.0
42.885 -280.705 2.354 28.0
42.896 -280.73 2.417 30.0
42.898 -280.70300000000003 2.338 14.0
42.89 -280.743 2.421 37.0
42.89 -280.716 2.357 12.0
42.883 -280.72700000000003 2.403 9.0
42.885 -280.7 2.362 9.0
42.884 -280.704 2.383 11.0
42.892 -280.681 2.358 51.0
42.886 -280.694 2.404 36.0
42.885 -280.706 2.409 29.0
42.884 -280.716 2.418 18.0
42.886 -280.706 2.419 26.0
42.894 -280.689 2.427 29.0
42.952 -280.676 2.382 41.0
42.952 -280.68 2.603 60.0
42.935 -280.67900000000003 2.397 37.0
42.915 -280.76800000000003 2.442 14.0
42.884 -280.745 2.436 27.0
42.92 -280.767 2.503 7.0
42.89 -280.73900000000003 2.443 13.0
42.893 -280.75 2.498 13.0
42.882 -280.743 2.447 43.0
42.916 -280.754 2.522 10.0
42.887 -280.741 2.453 42.0
42.89 -280.741 2.507 20.0
42.906 -280.754 2.466 9.0
42.885 -280.735 2.526 29.0
42.879 -280.731 2.469 29.0
42.914 -280.748 2.473 12.0
42.921 -280.658 2.536 10.0
42.906 -280.659 2.566 8.0
42.904 -280.669 2.575 18.0
42.91 -280.665 2.57 57.0
42.929 -280.76800000000003 2.493 2.0
42.916 -280.661 2.444 10.0
43.096 -280.837 2.558 55.0
42.92800000000001 -280.673 2.463 36.0
42.896 -280.664 2.6 8.0
42.908 -280.664 2.601 32.0
42.909 -280.66 2.609 10.0
42.934 -280.663 2.494 12.0
42.94 -280.668 2.527 16.0
42.927 -280.757 2.554 14.0
42.896 -280.747 2.531 46.0
42.893 -280.755 2.568 15.0
42.923 -280.767 2.57 7.0
42.893 -280.742 2.563 7.0
42.895 -280.743 2.573 19.0
42.933 -280.658 2.559 15.0
42.914 -280.769 2.638 46.0
42.899 -280.743 2.639 33.0
42.906 -280.759 2.661 13.0
42.905 -280.755 2.675 29.0
42.891 -280.749 2.661 14.0
42.874 -280.709 2.666 25.0
42.91 -280.75 2.658 16.0
42.874 -280.728 2.68 17.0
42.875 -280.718 2.599 9.0
42.877 -280.718 2.6 26.0
42.878 -280.69100000000003 2.601 45.0
42.872 -280.705 2.61 9.0
42.872 -280.716 2.63 49.0
42.876 -280.716 2.722 22.0
42.927 -280.662 2.633 15.0
42.886 -280.673 2.666 6.0
42.9 -280.67900000000003 2.659 65.0
42.91 -280.665 2.663 5.0
42.895 -280.677 2.684 57.0
42.886 -280.676 2.716 65.0
42.92 -280.658 2.715 8.0
42.92800000000001 -280.666 2.73 64.0
42.93 -280.66 2.682 7.0
42.93 -280.669 2.729 53.0
42.876 -280.71 2.75 19.0
42.877 -280.696 2.755 76.0
43.003 -280.676 2.791 0.0
42.882 -280.71 2.537 14.0
42.888 -280.684 2.542 21.0
42.894 -280.68 2.537 57.0
42.92200000000001 -280.70300000000003 2.547 14.0
42.882 -280.712 2.565 26.0
42.888 -280.729 2.574 11.0
42.882 -280.684 2.567 42.0
42.894 -280.68 2.562 38.0
42.883 -280.693 2.576 39.0
42.886 -280.688 2.576 10.0
42.949 -280.664 2.618 13.0
42.891 -280.68 2.635 45.0
42.882 -280.726 2.662 46.0
42.886 -280.722 2.663 62.0
42.894 -280.719 2.659 10.0
42.884 -280.694 2.664 16.0
42.893 -280.702 2.659 10.0
42.895 -280.746 2.696 15.0
42.902 -280.738 2.695 20.0
42.903 -280.748 2.719 7.0
42.882 -280.709 2.684 15.0
42.881 -280.709 2.716 11.0
42.881 -280.688 2.723 82.0
42.918 -280.682 2.716 57.0
42.941 -280.754 2.69 2.0
42.936 -280.67 2.655 32.0
42.935 -280.661 2.658 8.0
42.911 -280.755 2.739 27.0
42.915 -280.761 2.744 12.0
42.885 -280.742 2.748 44.0
42.886 -280.73 2.746 10.0
42.91 -280.753 2.75 5.0
42.924 -280.752 2.759 14.0
42.879 -280.728 2.731 57.0
42.883 -280.724 2.753 19.0
42.879 -280.699 2.732 16.0
42.881 -280.694 2.747 38.0
42.934 -280.726 2.796 8.0
42.882 -280.71500000000003 2.774 19.0
42.938 -280.72 2.796 2.0
42.888 -280.686 2.774 82.0
42.938 -280.718 2.803 10.0
42.97 -280.698 2.794 5.0
42.89 -280.669 2.755 12.0
42.894 -280.666 2.747 18.0
42.906 -280.66700000000003 2.732 4.0
45.752 -274.734 1.817 15.0
45.762 -274.743 1.839 29.0
45.748 -274.749 1.866 24.0
45.75 -274.737 1.861 23.0
45.753 -274.728 1.866 23.0
45.748 -274.73900000000003 1.877 20.0
45.767 -274.76800000000003 1.921 29.0
45.772 -274.73 1.923 26.0
45.769 -274.729 1.858 28.0
45.80000000000001 -274.723 1.847 21.0
45.759 -274.744 1.901 29.0
45.747 -274.72 1.908 16.0
45.768 -274.741 1.912 30.0
43.098 -293.279 1.633 28.0
43.121 -293.288 1.647 32.0
43.122 -293.294 1.679 28.0
43.092 -293.249 1.636 36.0
43.102 -293.276 1.668 33.0
43.10800000000001 -293.282 1.662 33.0
43.103 -293.255 1.669 24.0
43.119 -293.294 1.69 22.0
43.123 -293.294 1.69 34.0
43.09 -293.267 1.694 29.0
43.115 -293.291 1.71 35.0
43.098 -293.272 1.684 36.0
43.094 -293.264 1.696 32.0
43.106 -293.268 1.685 34.0
43.088 -293.244 1.686 39.0
43.092 -293.242 1.688 39.0
43.089 -293.235 1.698 40.0
43.102 -293.245 1.706 25.0
43.148 -293.315 1.705 26.0
43.102 -293.278 1.725 32.0
43.14 -293.302 1.71 21.0
43.11 -293.282 1.716 31.0
43.161 -293.301 1.718 26.0
43.11 -293.282 1.727 29.0
43.107 -293.273 1.73 16.0
43.164 -293.2750000000001 1.717 20.0
43.086 -293.259 1.72 39.0
43.094 -293.254 1.732 37.0
43.125 -293.18 1.666 36.0
43.121 -293.287 1.633 33.0
43.122 -293.182 1.672 36.0
43.222 -293.228 1.681 8.0
43.176 -293.175 1.661 32.0
43.165 -293.163 1.662 30.0
43.155 -293.163 1.669 29.0
43.163 -293.18 1.678 33.0
43.17200000000001 -293.176 1.68 32.0
43.146 -293.165 1.718 34.0
43.129 -293.199 1.717 29.0
43.133 -293.172 1.733 31.0
43.183 -293.29 1.688 28.0
43.139 -293.303 1.664 28.0
43.145 -293.294 1.662 31.0
43.135 -293.29 1.678 23.0
43.2 -293.238 1.698 19.0
43.167 -293.309 1.683 24.0
43.094 -293.22 1.637 39.0
43.099 -293.192 1.638 32.0
43.106 -293.22 1.665 32.0
43.11100000000001 -293.217 1.671 34.0
43.123 -293.204 1.665 29.0
43.089 -293.213 1.689 37.0
43.126 -293.234 1.69 5.0
43.096 -293.207 1.699 37.0
43.102 -293.23 1.719 27.0
43.099 -293.211 1.709 35.0
43.122 -293.196 1.719 35.0
43.174 -293.2 1.661 1.0
43.181 -293.174 1.713 34.0
43.263 -293.308 1.697 20.0
43.106 -293.271 1.734 22.0
43.092 -293.236 1.738 33.0
43.099 -293.276 1.777 37.0
43.11 -293.24 1.771 18.0
43.14 -293.297 1.742 28.0
43.129 -293.288 1.749 35.0
43.129 -293.298 1.772 30.0
43.17500000000001 -293.307 1.765 14.0
43.157 -293.306 1.782 22.0
43.13 -293.296 1.798 26.0
43.162 -293.309 1.796 19.0
43.164 -293.293 1.79 23.0
43.151 -293.282 1.796 16.0
43.086 -293.226 1.735 42.0
43.101 -293.23 1.734 31.0
43.097 -293.207 1.739 39.0
43.105 -293.194 1.736 38.0
43.128 -293.201 1.749 25.0
43.126 -293.221 1.777 31.0
43.11700000000001 -293.214 1.774 25.0
43.087 -293.229 1.79 43.0
43.094 -293.2270000000001 1.8 39.0
43.106 -293.225 1.791 34.0
43.11 -293.192 1.793 38.0
43.104 -293.199 1.8 37.0
43.113 -293.194 1.807 37.0
43.243 -293.284 1.654 18.0
43.125 -293.174 1.798 29.0
43.141 -293.185 1.771 36.0
43.176 -293.167 1.77 35.0
43.256 -293.186 1.703 30.0
43.135 -293.169 1.791 32.0
43.137 -293.165 1.806 37.0
43.11 -293.288 1.794 24.0
43.116 -293.293 1.788 34.0
43.105 -293.283 1.785 33.0
43.109 -293.2630000000001 1.788 24.0
43.104 -293.274 1.802 35.0
43.09 -293.256 1.788 40.0
43.1 -293.257 1.797 32.0
43.10800000000001 -293.237 1.805 27.0
43.163 -293.195 1.744 31.0
43.158 -293.191 1.752 26.0
43.13 -293.214 1.779 21.0
43.153 -293.196 1.78 28.0
43.158 -293.19 1.775 38.0
43.204 -293.179 1.734 35.0
43.191 -293.157 1.745 33.0
43.191 -293.163 1.767 30.0
43.198 -293.167 1.772 27.0
43.213 -293.181 1.772 30.0
43.252 -293.184 1.736 16.0
43.064 -291.057 1.678 43.0
43.066 -291.06 1.679 45.0
43.093 -291.093 1.694 38.0
43.116 -291.101 1.693 26.0
43.11700000000001 -291.104 1.7 33.0
43.122 -291.095 1.697 26.0
43.087 -291.08 1.698 37.0
43.091 -291.076 1.703 38.0
43.121 -291.088 1.684 38.0
43.08 -291.066 1.704 28.0
43.137 -291.088 1.665 33.0
43.135 -291.108 1.688 25.0
43.078 -291.039 1.651 33.0
43.057 -291.026 1.651 38.0
43.077 -291.004 1.653 39.0
43.063 -291.03 1.68 42.0
43.094 -290.9770000000001 1.653 37.0
43.118 -290.954 1.65 27.0
43.092 -290.985 1.672 40.0
43.10800000000001 -290.983 1.676 42.0
43.118 -290.961 1.671 36.0
43.067 -291.03 1.684 38.0
43.076 -291.032 1.707 40.0
43.061 -291.022 1.708 43.0
43.072 -290.99 1.7 40.0
43.066 -291.017 1.7 48.0
43.121 -290.973 1.698 44.0
43.148 -290.957 1.673 33.0
43.179 -290.979 1.675 33.0
43.134 -290.972 1.704 40.0
43.115 -291.105 1.668 25.0
43.11700000000001 -291.1 1.668 29.0
43.101 -291.087 1.655 37.0
43.08 -291.073 1.653 38.0
43.084 -291.082 1.674 40.0
43.083 -291.085 1.675 39.0
43.082 -291.061 1.668 23.0
43.086 -291.062 1.678 28.0
43.078 -291.074 1.695 33.0
43.068 -291.046 1.698 44.0
43.07 -291.052 1.707 44.0
43.152 -291.083 1.691 30.0
43.082 -291.02 1.671 36.0
43.083 -291.027 1.676 27.0
43.095 -291.016 1.681 22.0
43.092 -291.011 1.706 29.0
43.079 -291.0010000000001 1.708 44.0
43.198 -290.992 1.709 39.0
43.075 -291.072 1.741 43.0
43.062 -291.044 1.744 51.0
43.078 -291.06 1.763 33.0
43.083 -291.059 1.757 27.0
43.096 -291.085 1.771 36.0
43.12 -291.103 1.804 36.0
43.124 -291.1020000000001 1.809 34.0
43.128 -291.098 1.811 34.0
43.072 -291.048 1.789 50.0
43.073 -291.063 1.813 43.0
43.088 -291.074 1.785 40.0
43.096 -291.087 1.808 36.0
43.164 -291.099 1.795 18.0
43.133 -291.087 1.817 36.0
43.168 -291.081 1.829 17.0
43.065 -291.016 1.744 51.0
43.068 -291.02 1.791 50.0
43.078 -291.04 1.828 37.0
43.095 -290.987 1.813 46.0
43.094 -290.979 1.83 46.0
43.109 -290.992 1.812 36.0
43.132 -290.984 1.744 42.0
43.122 -290.984 1.815 43.0
43.11700000000001 -290.959 1.813 38.0
43.168 -290.964 1.737 37.0
43.122 -290.957 1.827 33.0
43.129 -290.97 1.762 41.0
43.135 -290.998 1.796 1.0
43.155 -290.974 1.769 44.0
43.131 -290.997 1.825 34.0
43.168 -290.966 1.795 41.0
43.165 -290.95 1.808 23.0
43.166 -290.952 1.808 37.0
43.143 -290.99 1.824 43.0
43.141 -290.963 1.812 40.0
43.164 -290.967 1.812 32.0
43.118 -291.094 1.867 39.0
43.076 -291.055 1.856 43.0
43.121 -291.093 1.926 35.0
43.078 -291.064 1.881 41.0
43.1 -291.082 1.899 32.0
43.11100000000001 -291.084 1.887 33.0
43.084 -291.072 1.931 41.0
43.14 -291.11 1.834 14.0
43.092 -291.068 1.926 31.0
43.143 -291.1020000000001 1.848 22.0
43.123 -291.091 1.926 41.0
43.149 -291.1 1.847 29.0
43.075 -291.038 1.844 37.0
43.162 -291.11 1.871 22.0
43.069 -291.042 1.849 49.0
43.072 -291.009 1.846 49.0
43.07 -291.033 1.86 44.0
43.07 -291.026 1.859 49.0
43.076 -290.998 1.859 42.0
43.096 -290.984 1.865 43.0
43.11100000000001 -290.988 1.87 41.0
43.11400000000001 -291.094 1.746 36.0
43.125 -290.962 1.862 36.0
43.104 -291.1 1.752 35.0
43.122 -290.956 1.876 30.0
43.112 -291.099 1.78 26.0
43.08 -290.997 1.902 38.0
43.095 -291.018 1.918 22.0
43.084 -291.036 1.929 41.0
43.094 -291.038 1.922 25.0
43.103 -291.017 1.932 27.0
43.08 -291.005 1.931 43.0
43.205 -291.0250000000001 1.853 12.0
43.13 -291.0 1.903 28.0
43.148 -290.97 1.93 42.0
43.142 -290.967 1.915 41.0
43.156 -290.953 1.932 35.0
43.213 -290.967 1.908 23.0
43.216 -290.966 1.924 22.0
43.11100000000001 -291.082 1.934 41.0
43.105 -291.083 1.943 37.0
43.11 -291.079 1.944 41.0
43.096 -291.064 1.94 23.0
43.085 -291.058 1.947 43.0
43.147 -291.111 1.745 18.0
43.137 -291.098 1.764 22.0
43.089 -291.019 1.936 29.0
43.082 -291.018 1.944 36.0
43.095 -290.988 1.944 42.0
43.081 -291.03 1.949 46.0
43.08 -291.002 1.95 40.0
43.11700000000001 -290.978 1.935 44.0
43.112 -290.995 1.948 36.0
43.115 -290.962 1.943 37.0
43.087 -291.03 1.735 16.0
43.087 -291.002 1.741 38.0
43.1 -291.0010000000001 1.742 30.0
43.083 -291.021 1.76 43.0
43.079 -291.03 1.765 43.0
43.094 -291.015 1.763 33.0
43.079 -291.0 1.766 45.0
43.079 -290.987 1.743 38.0
43.119 -290.971 1.739 42.0
43.089 -290.987 1.761 45.0
43.079 -291.02 1.813 39.0
43.094 -290.974 1.765 40.0
43.097 -291.019 1.816 39.0
43.116 -290.965 1.759 39.0
43.081 -291.007 1.83 45.0
43.107 -291.004 1.814 39.0
43.206 -290.973 1.737 23.0
43.209 -290.976 1.753 39.0
43.187 -290.961 1.757 27.0
43.204 -291.033 1.816 21.0
43.212 -290.976 1.789 26.0
43.202 -290.96 1.807 20.0
43.211 -290.968 1.819 28.0
43.078 -291.066 1.893 40.0
43.074 -291.054 1.901 48.0
43.098 -291.084 1.851 28.0
43.099 -291.083 1.854 40.0
43.104 -291.092 1.841 34.0
43.105 -291.072 1.837 20.0
43.107 -291.087 1.854 35.0
43.079 -291.067 1.839 38.0
43.098 -291.065 1.839 35.0
43.094 -291.074 1.873 25.0
43.109 -291.077 1.859 37.0
43.109 -291.083 1.876 33.0
43.133 -291.089 1.843 38.0
43.08 -291.065 1.859 42.0
43.132 -291.088 1.851 37.0
43.09 -291.063 1.86 23.0
43.118 -291.036 1.836 13.0
43.101 -290.994 1.839 34.0
43.09 -291.042 1.869 22.0
43.09 -291.021 1.863 37.0
43.079 -291.036 1.877 41.0
43.086 -291.006 1.878 45.0
43.073 -291.026 1.902 47.0
43.096 -290.979 1.93 40.0
43.161 -290.965 1.834 36.0
43.118 -290.954 1.928 29.0
43.151 -290.959 1.867 35.0
43.228 -290.979 1.816 18.0
43.249 -291.09 1.918 29.0
43.229 -290.966 1.896 29.0
43.163 -290.966 1.944 34.0
42.60800000000001 -286.063 1.604 63.0
42.502 -285.986 1.609 74.0
42.523 -286.009 1.589 60.0
42.52 -286.01 1.605 72.0
42.515 -285.991 1.604 62.0
42.521 -285.996 1.604 69.0
42.502 -285.967 1.609 73.0
42.508 -285.985 1.592 80.0
42.584 -286.048 1.575 40.0
42.504 -285.995 1.618 57.0
42.629 -286.057 1.582 61.0
42.487 -285.962 1.611 70.0
42.514 -285.973 1.628 52.0
42.556 -286.028 1.595 57.0
42.556 -286.02500000000003 1.597 69.0
42.577 -286.035 1.606 69.0
42.571 -286.039 1.625 49.0
42.534 -286.024 1.615 59.0
42.546 -286.027 1.619 42.0
42.543 -286.027 1.629 65.0
42.586 -286.044 1.591 60.0
42.583 -286.047 1.624 59.0
42.59 -286.04 1.627 58.0
42.628 -286.06 1.617 69.0
42.624 -286.065 1.718 63.0
42.53 -286.012 1.69 59.0
42.517 -285.99 1.637 56.0
42.511 -285.98900000000003 1.671 64.0
42.527 -286.005 1.683 64.0
42.504 -285.963 1.674 54.0
42.525 -286.00100000000003 1.687 55.0
42.521 -285.98900000000003 1.708 55.0
42.58 -286.044 1.655 63.0
42.498 -285.97700000000003 1.693 55.0
42.556 -286.028 1.654 64.0
42.542 -286.016 1.664 60.0
42.499 -285.972 1.691 53.0
42.569 -286.044 1.69 61.0
42.539 -286.028 1.681 63.0
42.568 -286.038 1.685 61.0
42.555 -286.027 1.683 59.0
42.545 -286.016 1.687 61.0
42.521 -286.00600000000003 1.728 67.0
42.545 -286.022 1.702 53.0
42.517 -285.98900000000003 1.723 63.0
42.558 -286.036 1.714 67.0
42.501 -285.975 1.719 49.0
42.577 -286.044 1.718 66.0
42.497 -285.971 1.723 54.0
42.504 -285.964 1.726 57.0
42.517 -285.969 1.714 50.0
42.534 -286.01300000000003 1.719 67.0
42.507 -285.98 1.731 57.0
42.524 -285.981 1.728 52.0
42.549 -286.02500000000003 1.723 63.0
42.565 -286.032 1.718 47.0
42.558 -286.032 1.729 60.0
42.71 -286.07 1.587 60.0
42.644 -286.046 1.59 73.0
42.665 -286.05400000000003 1.618 63.0
42.728 -286.034 1.589 70.0
42.666 -286.073 1.637 36.0
42.633 -286.065 1.682 62.0
42.67200000000001 -286.071 1.665 64.0
42.66 -286.067 1.672 65.0
42.494 -285.985 1.572 56.0
42.657 -286.069 1.703 61.0
42.658 -286.065 1.721 59.0
42.536 -286.023 1.581 66.0
42.687 -286.051 1.67 66.0
42.55000000000001 -286.029 1.583 42.0
42.725 -286.05400000000003 1.662 62.0
42.54 -286.016 1.582 45.0
42.65 -286.06 1.723 71.0
42.754 -286.052 1.654 58.0
42.751 -286.044 1.65 52.0
42.776 -286.021 1.658 46.0
42.80000000000001 -286.038 1.667 71.0
42.531 -285.98900000000003 1.601 53.0
42.52 -286.011 1.635 59.0
42.795 -286.01800000000003 1.726 45.0
42.773 -285.981 1.689 45.0
42.768 -286.00600000000003 1.72 56.0
42.52 -285.992 1.749 64.0
42.515 -285.982 1.736 53.0
42.512 -285.966 1.751 58.0
42.516 -285.994 1.771 61.0
42.52 -285.997 1.759 58.0
42.592 -286.045 1.677 63.0
42.61100000000001 -286.058 1.68 66.0
42.504 -285.967 1.773 55.0
42.612 -286.045 1.68 65.0
42.521 -285.974 1.759 62.0
42.57 -286.037 1.754 60.0
42.585 -286.048 1.706 62.0
42.532 -286.011 1.734 57.0
42.679 -286.064 1.609 58.0
42.598 -286.055 1.705 62.0
42.54 -286.015 1.745 65.0
42.591 -286.049 1.724 64.0
42.578 -286.032 1.737 62.0
42.601 -286.053 1.732 64.0
42.58 -286.035 1.745 49.0
42.589 -286.038 1.73 56.0
42.61 -286.045 1.729 70.0
42.545 -286.011 1.779 71.0
42.642 -286.067 1.576 39.0
42.574 -286.031 1.759 64.0
42.615 -286.038 1.738 70.0
42.616 -286.041 1.744 77.0
42.634 -286.055 1.573 71.0
42.628 -286.058 1.747 64.0
42.61100000000001 -286.046 1.752 63.0
42.582 -286.031 1.75 71.0
42.61700000000001 -286.056 1.763 67.0
42.598 -286.032 1.769 78.0
42.558 -286.023 1.813 57.0
42.538 -286.002 1.794 53.0
42.54 -286.005 1.797 67.0
42.531 -285.982 1.799 50.0
42.535 -285.996 1.818 60.0
42.529 -285.993 1.843 64.0
42.529 -286.002 1.85 64.0
42.519 -285.976 1.857 91.0
42.828 -286.01300000000003 1.582 23.0
42.506 -285.964 1.853 55.0
42.53 -285.995 1.875 71.0
42.755 -286.037 1.595 42.0
42.753 -286.03000000000003 1.606 52.0
42.517 -285.966 1.866 58.0
42.521 -285.97 1.877 67.0
42.577 -286.037 1.852 48.0
42.559 -286.031 1.847 60.0
42.551 -286.019 1.87 75.0
42.682 -286.062 1.663 61.0
42.704 -286.069 1.673 62.0
42.566 -286.022 1.862 73.0
42.572 -286.031 1.874 67.0
42.538 -285.999 1.861 58.0
42.539 -286.002 1.878 57.0
42.631 -286.059 1.671 69.0
42.654 -286.052 1.668 73.0
42.541 -286.011 1.896 70.0
42.58 -286.033 1.902 75.0
42.562 -286.01300000000003 1.902 67.0
42.569 -286.016 1.898 69.0
42.54 -285.99 1.892 55.0
42.551 -286.00600000000003 1.906 51.0
42.538 -285.997 1.904 74.0
42.643 -286.063 1.751 72.0
42.537 -285.979 1.892 50.0
42.534 -285.983 1.908 71.0
42.723 -286.053 1.713 65.0
42.721 -286.034 1.716 73.0
42.66 -286.064 1.812 70.0
42.799 -285.993 1.649 28.0
42.689 -286.067 1.831 70.0
42.662 -286.056 1.743 60.0
42.648 -286.047 1.771 75.0
42.664 -286.048 1.783 74.0
42.682 -286.047 1.739 73.0
42.694 -286.039 1.765 76.0
42.773 -286.024 1.735 61.0
42.755 -286.053 1.817 57.0
42.766 -286.04 1.819 53.0
42.527 -286.004 1.784 70.0
42.514 -285.964 1.8 52.0
42.641 -286.061 1.835 68.0
42.516 -285.969 1.823 55.0
42.636 -286.062 1.879 69.0
42.659 -286.061 1.862 70.0
42.723 -286.049 1.852 64.0
42.7 -286.052 1.86 76.0
42.531 -286.009 1.736 60.0
42.533 -285.988 1.741 38.0
42.533 -286.002 1.755 58.0
42.532 -286.004 1.762 66.0
42.552 -286.009 1.764 60.0
42.54 -286.003 1.783 75.0
42.60800000000001 -286.05 1.803 55.0
42.607 -286.049 1.819 63.0
42.821 -286.007 1.845 32.0
42.524 -285.987 1.899 65.0
42.509 -285.961 1.901 59.0
42.522 -285.973 1.907 65.0
42.599 -286.048 1.841 64.0
42.627 -286.058 1.856 64.0
42.519 -285.983 1.911 69.0
42.583 -286.04 1.864 72.0
42.612 -286.051 1.869 65.0
42.594 -286.032 1.872 68.0
42.597 -286.049 1.886 76.0
42.596 -286.037 1.893 81.0
42.605 -286.046 1.894 53.0
42.62 -286.047 1.896 74.0
42.726 -286.055 1.803 67.0
42.785 -286.005 1.753 43.0
42.793 -285.995 1.754 39.0
42.806 -285.997 1.765 38.0
42.688 -286.068 1.87 69.0
42.695 -286.065 1.875 59.0
42.649 -286.046 1.853 73.0
42.634 -286.05400000000003 1.886 66.0
42.801 -286.019 1.839 31.0
42.839 -286.007 1.634 37.0
41.882 -284.128 1.531 31.0
41.884 -284.095 1.534 33.0
41.909 -284.076 1.531 34.0
41.859 -283.984 1.529 34.0
41.917 -283.992 1.533 33.0
41.951 -283.999 1.531 33.0
41.952 -283.966 1.534 33.0
41.849 -283.956 1.533 38.0
41.909 -283.76 1.527 38.0
41.92800000000001 -283.766 1.529 34.0
41.9 -283.732 1.528 34.0
41.888 -283.705 1.53 35.0
41.923 -283.71 1.534 36.0
41.917 -283.705 1.526 34.0
41.913 -283.826 1.528 36.0
41.944 -283.645 1.527 35.0
41.967 -283.622 1.526 34.0
41.972 -283.594 1.532 39.0
41.948 -283.591 1.525 42.0
41.977 -283.59000000000003 1.527 36.0
41.947 -283.718 1.529 36.0
41.934 -283.677 1.526 36.0
41.997 -283.582 1.535 37.0
41.778 -283.51 1.532 38.0
41.99 -283.56 1.528 36.0
42.028 -283.562 1.533 34.0
42.01 -283.497 1.53 36.0
42.03 -283.475 1.527 40.0
41.892 -283.433 1.523 37.0
41.895 -283.372 1.521 36.0
41.909 -283.386 1.525 35.0
42.031 -283.424 1.53 40.0
41.664 -283.475 1.519 34.0
41.826 -283.252 1.526 36.0
41.824 -283.199 1.518 35.0
41.907 -283.319 1.522 36.0
42.005 -283.322 1.524 34.0
41.863 -283.565 1.525 35.0
42.028 -283.317 1.524 33.0
42.018 -283.27500000000003 1.523 35.0
42.003 -283.23900000000003 1.524 34.0
41.977 -283.569 1.532 37.0
41.955 -283.539 1.524 37.0
41.927 -283.341 1.526 35.0
41.977 -283.355 1.522 36.0
41.961 -283.31600000000003 1.523 35.0
41.971 -283.30400000000003 1.524 37.0
42.504 -285.936 1.568 69.0
42.484 -285.959 1.575 84.0
42.499 -285.916 1.573 40.0
42.475 -285.879 1.578 62.0
42.481 -285.90500000000003 1.576 69.0
42.499 -285.901 1.572 56.0
42.484 -285.865 1.567 58.0
42.504 -285.872 1.574 55.0
42.479 -285.934 1.613 72.0
42.494 -285.839 1.567 68.0
42.481 -285.85 1.577 58.0
42.514 -285.849 1.583 58.0
42.508 -285.842 1.575 64.0
42.495 -285.819 1.574 62.0
42.519 -285.825 1.575 54.0
42.524 -285.817 1.574 58.0
42.51 -285.806 1.617 68.0
42.524 -285.781 1.615 64.0
42.536 -285.79 1.574 31.0
42.552 -285.786 1.582 60.0
42.551 -285.765 1.574 38.0
42.555 -285.765 1.574 56.0
42.538 -285.776 1.599 62.0
42.572 -285.771 1.606 61.0
42.542 -285.79 1.634 60.0
42.562 -285.78000000000003 1.612 65.0
42.567 -285.778 1.61 63.0
42.497 -285.95300000000003 1.644 57.0
42.475 -285.934 1.577 63.0
42.509 -285.947 1.641 49.0
42.495 -285.923 1.646 62.0
42.493 -285.936 1.677 55.0
42.508 -285.96 1.662 37.0
42.512 -285.949 1.663 46.0
42.482 -285.932 1.692 47.0
42.5 -285.956 1.714 54.0
42.485 -285.938 1.72 47.0
42.49200000000001 -285.954 1.733 53.0
42.487 -285.94100000000003 1.73 55.0
42.518 -285.946 1.732 54.0
42.495 -285.927 1.717 57.0
42.493 -285.912 1.729 59.0
42.506 -285.923 1.719 53.0
42.499 -285.959 1.594 74.0
42.482 -285.906 1.598 70.0
42.481 -285.877 1.598 54.0
42.516 -285.958 1.606 38.0
42.507 -285.86 1.648 63.0
42.488 -285.884 1.617 63.0
42.5 -285.836 1.652 61.0
42.5 -285.912 1.594 55.0
42.516 -285.87600000000003 1.611 57.0
42.48300000000001 -285.935 1.598 67.0
42.519 -285.835 1.638 70.0
42.484 -285.95300000000003 1.62 52.0
42.518 -285.826 1.649 62.0
42.493 -285.939 1.613 70.0
42.494 -285.857 1.68 64.0
42.493 -285.912 1.614 72.0
42.515 -285.845 1.67 62.0
42.505 -285.932 1.633 59.0
42.502 -285.831 1.68 68.0
42.523 -285.833 1.669 66.0
42.498 -285.844 1.721 58.0
42.493 -285.857 1.73 63.0
42.505 -285.845 1.724 53.0
42.542 -285.778 1.639 60.0
42.765 -285.921 1.676 31.0
42.536 -285.797 1.709 61.0
42.571 -285.766 1.643 56.0
42.503 -285.827 1.728 65.0
42.534 -285.788 1.725 63.0
42.533 -285.81 1.67 65.0
42.508 -285.818 1.721 72.0
42.536 -285.76800000000003 1.719 61.0
42.54700000000001 -285.79 1.669 64.0
42.517 -285.814 1.725 70.0
42.548 -285.772 1.671 64.0
42.573 -285.743 1.572 41.0
42.562 -285.743 1.599 61.0
42.539 -285.75600000000003 1.614 64.0
42.58 -285.742 1.633 55.0
42.504 -285.799 1.579 20.0
42.508 -285.789 1.572 52.0
42.506 -285.859 1.597 63.0
42.519 -285.815 1.599 63.0
42.49200000000001 -285.858 1.617 66.0
42.514 -285.856 1.634 56.0
42.495 -285.832 1.618 69.0
42.538 -285.76 1.651 62.0
42.54400000000001 -285.76 1.65 58.0
42.567 -285.757 1.637 58.0
42.558 -285.737 1.649 56.0
42.568 -285.736 1.649 55.0
42.545 -285.75100000000003 1.674 59.0
42.572 -285.75100000000003 1.668 58.0
42.571 -285.742 1.67 55.0
42.613 -285.71500000000003 1.705 53.0
42.601 -285.752 1.724 52.0
42.606 -285.729 1.733 47.0
42.652 -285.721 1.582 60.0
42.532 -285.838 1.607 56.0
42.536 -285.823 1.612 64.0
42.726 -285.71500000000003 1.576 54.0
42.633 -285.719 1.608 60.0
42.633 -285.721 1.629 57.0
42.636 -285.707 1.593 57.0
42.66900000000001 -285.708 1.625 44.0
42.684 -285.7 1.587 53.0
42.685 -285.711 1.603 55.0
42.693 -285.711 1.623 57.0
42.711 -285.696 1.625 20.0
42.735 -285.695 1.582 13.0
42.758 -285.712 1.594 9.0
42.743 -285.712 1.613 9.0
42.5 -285.894 1.636 62.0
42.499 -285.896 1.646 58.0
42.48900000000001 -285.891 1.649 64.0
42.495 -285.863 1.651 65.0
42.508 -285.86400000000003 1.638 62.0
42.518 -285.866 1.645 51.0
42.485 -285.91 1.68 57.0
42.508 -285.891 1.668 56.0
42.514 -285.866 1.708 49.0
42.505 -285.882 1.667 56.0
42.494 -285.884 1.679 64.0
42.494 -285.898 1.719 55.0
42.487 -285.886 1.73 66.0
42.504 -285.883 1.722 58.0
42.48900000000001 -285.869 1.722 64.0
42.487 -285.86400000000003 1.723 47.0
42.756 -285.659 1.582 3.0
42.641 -285.705 1.665 57.0
42.686 -285.697 1.636 48.0
42.69 -285.7 1.659 51.0
42.709 -285.71 1.657 48.0
42.53 -285.807 1.638 62.0
42.513 -285.81 1.651 67.0
42.53 -285.79200000000003 1.65 65.0
42.522 -285.784 1.652 67.0
42.51 -285.805 1.679 65.0
42.529 -285.778 1.676 68.0
42.826 -285.766 1.708 16.0
42.522 -285.793 1.72 68.0
42.52 -285.805 1.729 12.0
42.512 -285.797 1.727 71.0
42.596 -285.721 1.569 50.0
42.595 -285.733 1.58 56.0
42.596 -285.717 1.573 55.0
42.702 -285.719 1.717 57.0
42.594 -285.719 1.597 55.0
42.621 -285.736 1.606 59.0
42.621 -285.725 1.603 60.0
42.593 -285.743 1.611 55.0
42.62 -285.717 1.632 54.0
42.705 -285.69100000000003 1.694 3.0
42.726 -285.681 1.706 4.0
42.685 -285.694 1.711 45.0
42.709 -285.709 1.719 38.0
42.728 -285.685 1.718 4.0
42.745 -285.7 1.652 9.0
42.731 -285.66700000000003 1.657 4.0
42.757 -285.709 1.668 18.0
42.573 -285.753 1.707 61.0
42.564 -285.733 1.705 57.0
42.588 -285.734 1.635 49.0
42.545 -285.757 1.725 59.0
42.594 -285.714 1.647 57.0
42.569 -285.728 1.717 41.0
42.599 -285.747 1.68 56.0
42.6 -285.718 1.669 57.0
42.566 -285.732 1.724 60.0
42.609 -285.72700000000003 1.666 55.0
42.793 -285.728 1.692 9.0
42.73300000000001 -285.704 1.694 29.0
42.652 -285.709 1.575 56.0
42.74 -285.652 1.706 3.0
42.743 -285.659 1.717 2.0
42.689 -285.722 1.6 55.0
42.688 -285.716 1.597 56.0
42.756 -285.709 1.591 10.0
42.772 -285.671 1.596 3.0
42.735 -285.69100000000003 1.63 6.0
42.74 -285.68 1.62 5.0
42.73 -285.67 1.618 3.0
42.646 -285.726 1.638 55.0
42.656 -285.71500000000003 1.662 57.0
42.674 -285.719 1.674 56.0
42.65 -285.728 1.715 54.0
42.668 -285.701 1.701 55.0
42.636 -285.71 1.73 50.0
42.497 -285.954 1.739 51.0
42.5 -285.94 1.754 46.0
42.485 -285.924 1.734 56.0
42.484 -285.89 1.734 57.0
42.491 -285.914 1.756 55.0
42.509 -285.91 1.736 53.0
42.512 -285.922 1.747 51.0
42.507 -285.911 1.75 50.0
42.505 -285.945 1.763 56.0
42.493 -285.94100000000003 1.775 55.0
42.512 -285.936 1.805 61.0
42.501 -285.93 1.805 59.0
42.501 -285.91700000000003 1.765 58.0
42.49 -285.885 1.756 60.0
42.52 -285.951 1.83 48.0
42.519 -285.85 1.739 59.0
42.509 -285.942 1.825 63.0
42.514 -285.854 1.752 58.0
42.508 -285.877 1.752 11.0
42.501 -285.916 1.828 70.0
42.509 -285.872 1.751 61.0
42.513 -285.916 1.817 54.0
42.5 -285.89 1.767 63.0
42.503 -285.823 1.754 63.0
42.521 -285.835 1.752 62.0
42.504 -285.86400000000003 1.768 76.0
42.507 -285.838 1.768 63.0
42.514 -285.845 1.808 55.0
42.526 -285.839 1.81 62.0
42.51 -285.837 1.83 56.0
42.531 -285.824 1.739 73.0
42.519 -285.818 1.809 65.0
42.532 -285.81600000000003 1.752 64.0
42.531 -285.808 1.753 69.0
42.536 -285.8 1.753 68.0
42.554 -285.771 1.739 62.0
42.555 -285.772 1.752 63.0
42.55300000000001 -285.76800000000003 1.753 60.0
42.561 -285.765 1.751 64.0
42.503 -285.946 1.88 51.0
42.508 -285.936 1.869 67.0
42.528 -285.958 1.874 49.0
42.508 -285.945 1.88 67.0
42.502 -285.919 1.881 71.0
42.51 -285.899 1.835 62.0
42.524 -285.875 1.845 52.0
42.515 -285.861 1.837 66.0
42.5 -285.892 1.882 69.0
42.507 -285.908 1.871 64.0
42.519 -285.894 1.879 58.0
42.502 -285.879 1.874 63.0
42.502 -285.86400000000003 1.882 74.0
42.527 -285.952 1.896 63.0
42.498 -285.933 1.903 62.0
42.497 -285.899 1.903 66.0
42.516 -285.908 1.903 46.0
42.515 -285.926 1.898 60.0
42.514 -285.886 1.901 64.0
42.518 -285.916 1.9 65.0
42.496 -285.877 1.902 65.0
42.526 -285.827 1.838 69.0
42.519 -285.884 1.902 66.0
42.511 -285.853 1.874 57.0
42.504 -285.836 1.883 65.0
42.527 -285.856 1.902 56.0
42.518 -285.954 1.913 69.0
42.514 -285.826 1.875 56.0
42.5 -285.89300000000003 1.913 69.0
42.508 -285.844 1.904 65.0
42.51 -285.948 1.91 64.0
42.505 -285.898 1.917 69.0
42.516 -285.813 1.882 24.0
42.502 -285.922 1.912 63.0
42.496 -285.904 1.929 62.0
42.495 -285.89300000000003 1.928 65.0
42.523 -285.815 1.904 67.0
42.51 -285.926 1.915 69.0
42.503 -285.863 1.913 71.0
42.505 -285.872 1.919 67.0
42.516 -285.846 1.918 65.0
42.518 -285.884 1.914 65.0
42.505 -285.833 1.913 65.0
42.519 -285.82 1.919 74.0
42.541 -285.795 1.838 59.0
42.555 -285.764 1.838 59.0
42.555 -285.805 1.902 61.0
42.568 -285.781 1.844 60.0
42.534 -285.784 1.905 64.0
42.538 -285.807 1.881 67.0
42.537 -285.77500000000003 1.874 68.0
42.563 -285.777 1.902 67.0
42.535 -285.82800000000003 1.903 62.0
42.558 -285.762 1.903 72.0
42.539 -285.824 1.903 64.0
42.564 -285.781 1.88 66.0
42.575 -285.765 1.902 59.0
42.532 -285.841 1.926 68.0
42.574 -285.778 1.871 62.0
42.534 -285.795 1.918 69.0
42.531 -285.829 1.915 70.0
42.554 -285.786 1.915 68.0
42.577 -285.749 1.737 62.0
42.58 -285.744 1.751 58.0
42.582 -285.73900000000003 1.751 55.0
42.602 -285.735 1.749 55.0
42.609 -285.722 1.749 56.0
42.619 -285.718 1.749 58.0
42.591 -285.736 1.808 54.0
42.588 -285.722 1.805 47.0
42.627 -285.721 1.804 50.0
42.60800000000001 -285.738 1.827 53.0
42.606 -285.723 1.818 56.0
42.507 -285.902 1.806 63.0
42.513 -285.902 1.807 66.0
42.505 -285.872 1.808 69.0
42.502 -285.89 1.829 73.0
42.518 -285.87 1.809 64.0
42.521 -285.866 1.819 59.0
42.525 -285.879 1.829 57.0
42.506 -285.863 1.829 74.0
42.51 -285.811 1.769 76.0
42.518 -285.811 1.829 78.0
42.525 -285.786 1.768 68.0
42.53 -285.784 1.828 65.0
42.575 -285.737 1.838 59.0
42.558 -285.752 1.872 60.0
42.605 -285.717 1.835 52.0
42.54 -285.813 1.809 65.0
42.602 -285.738 1.87 54.0
42.534 -285.821 1.82 68.0
42.585 -285.748 1.88 56.0
42.542 -285.815 1.83 65.0
42.531 -285.79200000000003 1.809 62.0
42.61700000000001 -285.72700000000003 1.877 55.0
42.555 -285.786 1.809 64.0
42.55300000000001 -285.783 1.82 64.0
42.54400000000001 -285.767 1.809 64.0
42.57 -285.76800000000003 1.829 60.0
42.578 -285.75100000000003 1.902 58.0
42.527 -285.801 1.874 63.0
42.518 -285.805 1.881 69.0
42.54700000000001 -285.821 1.871 64.0
42.65 -285.714 1.745 53.0
42.713 -285.717 1.739 45.0
42.644 -285.706 1.746 53.0
42.664 -285.706 1.745 54.0
42.698 -285.704 1.74 45.0
42.722 -285.709 1.738 36.0
42.651 -285.714 1.824 58.0
42.673 -285.71 1.798 46.0
42.648 -285.71 1.814 57.0
42.648 -285.707 1.831 54.0
42.706 -285.7 1.788 22.0
42.723 -285.675 1.787 4.0
42.702 -285.709 1.809 48.0
42.694 -285.699 1.826 47.0
42.743 -285.713 1.788 9.0
42.79 -285.742 1.797 17.0
42.73300000000001 -285.672 1.792 4.0
42.807 -285.717 1.787 16.0
42.731 -285.682 1.807 4.0
42.79400000000001 -285.737 1.825 6.0
42.744 -285.675 1.816 4.0
42.73 -285.683 1.823 4.0
42.73600000000001 -285.661 1.74 4.0
42.753 -285.657 1.736 2.0
42.564 -285.744 1.807 59.0
42.746 -285.652 1.784 2.0
42.753 -285.658 1.821 3.0
42.57 -285.759 1.809 63.0
42.579 -285.753 1.819 59.0
42.701 -285.716 1.861 50.0
42.626 -285.705 1.8 42.0
42.714 -285.7 1.85 8.0
42.711 -285.712 1.886 37.0
42.706 -285.708 1.869 46.0
42.68 -285.71 1.894 54.0
42.691 -285.695 1.891 43.0
42.716 -285.677 1.894 5.0
42.722 -285.676 1.888 4.0
42.80000000000001 -285.693 1.853 2.0
42.74200000000001 -285.7 1.889 12.0
42.73300000000001 -285.69 1.884 4.0
42.745 -285.663 1.884 2.0
42.60800000000001 -285.732 1.899 55.0
42.622 -285.72700000000003 1.899 55.0
42.584 -285.753 1.914 55.0
42.619 -285.726 1.912 52.0
42.71 -285.713 1.818 48.0
42.707 -285.725 1.833 51.0
42.73600000000001 -285.69 1.736 5.0
42.782 -285.677 1.802 2.0
42.745 -285.672 1.738 3.0
42.654 -285.711 1.874 57.0
42.631 -285.738 1.839 61.0
42.647 -285.721 1.866 60.0
42.641 -285.71500000000003 1.895 52.0
42.667 -285.714 1.908 51.0
42.751 -285.704 1.857 10.0
42.738 -285.687 1.867 4.0
42.782 -285.72700000000003 1.886 19.0
42.85800000000001 -285.767 1.583 5.0
42.85800000000001 -285.79200000000003 1.585 15.0
42.865 -285.95 1.673 14.0
42.875 -285.791 1.638 14.0
42.86400000000001 -285.762 1.657 8.0
42.84 -285.782 1.698 8.0
42.853 -285.759 1.58 4.0
42.862 -285.714 1.584 4.0
42.835 -285.731 1.609 3.0
42.88 -285.696 1.606 3.0
42.85800000000001 -285.701 1.639 3.0
42.87 -285.698 1.64 3.0
42.86100000000001 -285.706 1.682 3.0
42.841 -285.725 1.726 3.0
42.838 -285.714 1.726 3.0
42.85800000000001 -285.698 1.721 3.0
42.846 -285.695 1.599 2.0
42.855 -285.694 1.614 3.0
42.833 -285.723 1.643 3.0
42.917 -285.698 1.703 2.0
42.886 -285.7 1.723 3.0
42.836 -285.938 1.824 14.0
42.832 -285.777 1.746 14.0
42.842 -285.694 1.776 2.0
42.853 -285.689 1.807 3.0
42.86 -285.701 1.793 4.0
42.942 -285.72700000000003 1.783 2.0
42.935 -285.716 1.794 2.0
42.832 -285.742 1.879 2.0
42.866 -285.702 1.852 3.0
42.871 -285.71 1.846 3.0
42.868 -285.719 1.819 3.0
42.935 -285.71 1.78 2.0
42.394 -283.975 1.54 36.0
42.097 -283.71500000000003 1.532 34.0
42.117 -283.693 1.53 38.0
42.061 -283.794 1.531 33.0
42.356 -283.938 1.54 39.0
42.36400000000001 -283.90500000000003 1.542 40.0
42.412 -283.861 1.538 34.0
42.426 -283.833 1.538 33.0
42.072 -283.767 1.531 33.0
42.076 -283.736 1.533 36.0
42.152 -283.613 1.531 41.0
42.173 -283.591 1.529 40.0
42.385 -283.88100000000003 1.54 39.0
43.287 -283.77500000000003 1.598 17.0
42.07 -283.553 1.528 37.0
42.075 -283.508 1.531 35.0
42.062 -283.487 1.526 32.0
42.098 -283.48 1.53 35.0
42.038 -283.451 1.527 38.0
42.056 -283.443 1.525 33.0
42.04400000000001 -283.404 1.525 33.0
42.051 -283.401 1.527 40.0
42.051 -283.375 1.529 38.0
42.166 -283.398 1.528 35.0
42.034 -283.276 1.524 34.0
42.183 -283.36400000000003 1.528 34.0
42.065 -283.233 1.523 34.0
42.124 -283.205 1.524 38.0
42.309 -283.334 1.528 33.0
42.279 -283.384 1.529 33.0
42.032 -283.365 1.525 34.0
42.063 -283.351 1.528 43.0
42.063 -283.325 1.529 39.0
42.094 -283.278 1.526 39.0
42.101 -283.254 1.526 35.0
42.995 -283.38 1.544 34.0
43.157 -283.39 1.623 30.0
42.918 -283.305 1.569 17.0
42.911 -283.277 1.571 41.0
42.927 -283.3 1.585 13.0
42.911 -283.31 1.605 11.0
42.92 -283.315 1.597 42.0
42.924 -283.313 1.608 22.0
42.918 -283.302 1.632 28.0
42.909 -283.27500000000003 1.634 38.0
42.931 -283.29200000000003 1.557 12.0
42.929 -283.273 1.571 10.0
42.952 -283.335 1.592 10.0
42.939 -283.32800000000003 1.585 22.0
42.941 -283.326 1.594 47.0
42.952 -283.32800000000003 1.608 23.0
42.95 -283.325 1.625 9.0
42.968 -283.335 1.624 10.0
42.936 -283.3 1.598 9.0
42.92 -283.26 1.551 14.0
42.916 -283.249 1.572 16.0
42.946 -283.253 1.558 38.0
42.948 -283.246 1.584 17.0
42.988 -283.259 1.546 28.0
42.96 -283.238 1.569 38.0
42.979 -283.23 1.555 19.0
43.011 -283.223 1.554 16.0
42.996 -283.225 1.594 11.0
43.021 -283.242 1.589 12.0
42.914 -283.302 1.693 31.0
42.927 -283.28000000000003 1.687 18.0
42.916 -283.283 1.73 27.0
42.956 -283.332 1.647 9.0
42.959 -283.322 1.658 10.0
42.931 -283.325 1.66 15.0
42.944 -283.324 1.666 12.0
42.934 -283.31 1.637 41.0
42.961 -283.314 1.659 11.0
42.932 -283.282 1.656 11.0
42.932 -283.294 1.67 23.0
42.931 -283.312 1.726 16.0
42.923 -283.247 1.67 40.0
42.92800000000001 -283.265 1.672 37.0
42.923 -283.32800000000003 1.554 44.0
42.92200000000001 -283.333 1.572 38.0
42.953 -283.264 1.643 16.0
42.94 -283.253 1.645 2.0
42.955 -283.241 1.649 38.0
42.958 -283.233 1.65 38.0
42.957 -283.245 1.655 39.0
42.954 -283.262 1.667 27.0
42.944 -283.23900000000003 1.671 11.0
42.974 -283.245 1.666 35.0
43.007 -283.231 1.64 14.0
42.914 -283.324 1.587 45.0
43.105 -283.346 1.547 17.0
43.115 -283.31600000000003 1.548 16.0
42.963 -283.349 1.548 24.0
42.974 -283.337 1.563 9.0
42.955 -283.32 1.569 18.0
42.926 -283.27 1.587 36.0
42.927 -283.26300000000003 1.602 24.0
42.931 -283.264 1.6 20.0
42.967 -283.25100000000003 1.601 32.0
42.912 -283.3 1.665 36.0
42.92200000000001 -283.307 1.665 36.0
42.927 -283.286 1.661 33.0
42.917 -283.276 1.669 17.0
42.937 -283.325 1.688 30.0
42.939 -283.324 1.688 12.0
42.963 -283.329 1.698 8.0
42.936 -283.249 1.688 38.0
42.972 -283.258 1.706 18.0
42.969 -283.23 1.685 12.0
42.97 -283.23 1.708 30.0
42.936 -283.26800000000003 1.71 14.0
42.941 -283.269 1.717 15.0
42.933 -283.255 1.722 25.0
42.968 -283.238 1.716 35.0
42.954 -283.22700000000003 1.721 22.0
43.039 -283.219 1.588 12.0
42.92500000000001 -283.276 1.75 35.0
42.912 -283.294 1.77 21.0
42.934 -283.32 1.766 12.0
42.952 -283.333 1.782 11.0
42.93 -283.307 1.747 13.0
42.942 -283.311 1.77 19.0
42.936 -283.302 1.772 10.0
42.934 -283.288 1.777 10.0
42.939 -283.308 1.79 16.0
42.937 -283.318 1.813 21.0
42.931 -283.302 1.83 11.0
42.939 -283.25 1.749 20.0
42.93 -283.266 1.775 21.0
42.946 -283.247 1.778 37.0
42.93 -283.242 1.783 18.0
42.932 -283.261 1.789 20.0
42.96 -283.25100000000003 1.793 20.0
42.947 -283.231 1.789 30.0
42.933 -283.26300000000003 1.826 15.0
42.964 -283.228 1.824 28.0
43.01 -283.252 1.814 28.0
42.927 -283.293 1.886 12.0
42.926 -283.281 1.912 20.0
42.941 -283.313 1.846 12.0
42.929 -283.309 1.86 16.0
42.937 -283.284 1.866 9.0
42.942 -283.314 1.908 6.0
42.934 -283.271 1.898 8.0
42.931 -283.303 1.926 9.0
42.916 -283.265 1.89 46.0
42.92800000000001 -283.252 1.913 32.0
42.935 -283.244 1.855 13.0
42.965 -283.221 1.853 12.0
42.935 -283.247 1.868 37.0
42.956 -283.257 1.868 9.0
42.956 -283.231 1.898 41.0
42.932 -283.252 1.921 24.0
42.953 -283.224 1.92 27.0
42.958 -283.23 1.91 10.0
42.923 -283.294 1.954 13.0
42.92800000000001 -283.3 1.989 46.0
42.923 -283.29200000000003 1.992 19.0
42.94 -283.298 1.98 51.0
42.955 -283.314 1.976 15.0
42.936 -283.311 1.988 57.0
42.947 -283.315 1.988 6.0
42.942 -283.31 1.988 7.0
42.936 -283.309 2.001 19.0
42.93 -283.28000000000003 1.991 22.0
42.933 -283.287 2.0 6.0
42.931 -283.279 1.996 7.0
42.917 -283.295 1.801 44.0
42.91900000000001 -283.306 1.805 36.0
42.936 -283.261 1.991 8.0
42.911 -283.284 1.795 32.0
42.93 -283.252 1.992 32.0
42.92800000000001 -283.314 1.813 36.0
42.939 -283.25 1.991 16.0
42.953 -283.226 1.99 6.0
42.914 -283.3 1.832 39.0
42.944 -283.237 1.997 38.0
42.926 -283.307 1.827 19.0
42.96 -283.236 1.995 31.0
42.911 -283.282 1.83 44.0
42.923 -283.272 1.833 40.0
42.953 -283.333 1.8 13.0
42.936 -283.326 1.798 15.0
42.948 -283.324 1.82 10.0
42.942 -283.32 1.827 10.0
43.012 -283.257 1.778 33.0
42.987 -283.238 1.759 30.0
42.982 -283.22700000000003 1.775 8.0
42.91900000000001 -283.299 1.838 45.0
42.926 -283.283 1.835 9.0
42.914 -283.29200000000003 1.851 45.0
42.92500000000001 -283.25100000000003 1.837 38.0
42.926 -283.245 1.834 19.0
42.985 -283.248 1.834 35.0
43.01 -283.232 1.836 24.0
42.997 -283.242 1.862 33.0
43.001 -283.225 1.893 26.0
43.007 -283.223 1.893 4.0
42.942 -283.324 1.997 13.0
42.947 -283.331 1.961 53.0
42.937 -283.25600000000003 1.948 16.0
42.966 -283.229 1.956 39.0
42.967 -283.228 1.947 32.0
42.933 -283.26 1.977 15.0
42.944 -283.228 1.978 36.0
42.924 -283.264 1.949 12.0
42.975 -283.223 1.966 37.0
42.927 -283.257 1.946 9.0
42.982 -283.225 1.988 29.0
42.98 -283.222 1.988 20.0
42.985 -283.223 1.994 8.0
43.025 -283.22700000000003 1.998 5.0
46.735 -298.071 1.528 20.0
46.814 -298.067 1.521 20.0
46.829 -298.05 1.503 0.0
46.06 -296.311 1.479 7.0
46.84 -296.522 1.372 6.0
41.531 -281.591 1.471 37.0
41.538 -281.58 1.484 39.0
41.55300000000001 -281.577 1.477 36.0
41.595 -281.584 1.48 33.0
41.783 -281.53000000000003 1.496 33.0
41.796 -281.51300000000003 1.513 37.0
41.862 -281.507 1.503 32.0
43.85 -282.12600000000003 1.471 21.0
43.961 -282.101 1.468 22.0
43.77 -282.142 1.488 20.0
43.908 -282.103 1.448 21.0
43.924 -282.123 1.469 21.0
45.697 -279.885 1.404 31.0
46.004 -274.277 1.208 21.0
45.941 -274.06 1.178 23.0
45.869 -274.023 1.279 25.0
45.909 -272.445 1.52 6.0
42.874 -280.778 1.559 39.0
42.877 -280.746 1.566 25.0
42.909 -280.767 1.584 26.0
42.89 -280.746 1.563 27.0
42.884 -280.718 1.565 39.0
42.895 -280.69 1.564 19.0
42.908 -280.686 1.583 28.0
42.892 -280.752 1.591 29.0
42.897 -280.735 1.606 15.0
42.91 -280.758 1.61 25.0
42.907 -280.765 1.618 17.0
42.882 -280.733 1.614 38.0
42.897 -280.737 1.612 31.0
42.892 -280.734 1.61 19.0
42.887 -280.74 1.622 32.0
42.896 -280.718 1.587 15.0
42.905 -280.744 1.632 32.0
42.893 -280.701 1.609 34.0
42.915 -280.684 1.587 33.0
42.89 -280.718 1.633 20.0
42.882 -280.712 1.624 33.0
42.881 -280.704 1.614 36.0
42.901 -280.681 1.621 14.0
42.899 -280.686 1.634 42.0
42.911 -280.676 1.608 23.0
42.946 -280.661 1.585 19.0
42.947 -280.657 1.603 12.0
42.929 -280.666 1.631 22.0
42.878 -280.745 1.679 39.0
42.877 -280.702 1.659 28.0
42.874 -280.729 1.663 39.0
42.873 -280.711 1.669 22.0
42.88 -280.702 1.66 45.0
42.898 -280.687 1.665 29.0
42.904 -280.7 1.666 30.0
42.89 -280.725 1.71 17.0
42.886 -280.725 1.724 49.0
42.892 -280.692 1.712 43.0
42.892 -280.697 1.724 24.0
42.898 -280.69 1.722 33.0
42.92500000000001 -280.70300000000003 1.728 24.0
42.929 -280.674 1.664 34.0
42.931 -280.66700000000003 1.719 27.0
43.04 -280.716 1.573 8.0
43.182 -280.741 1.541 31.0
43.354 -280.686 1.53 36.0
42.952 -280.67 1.58 22.0
42.899 -280.755 1.654 21.0
42.898 -280.752 1.652 30.0
42.897 -280.752 1.658 23.0
42.88 -280.731 1.658 37.0
42.886 -280.73 1.657 20.0
42.904 -280.771 1.66 16.0
42.917 -280.754 1.686 9.0
42.917 -280.77 1.663 17.0
42.883 -280.747 1.694 36.0
42.908 -280.765 1.663 21.0
42.916 -280.759 1.673 18.0
42.895 -280.753 1.721 20.0
42.883 -280.748 1.664 32.0
42.882 -280.743 1.667 41.0
42.89 -280.76 1.757 40.0
42.904 -280.767 1.738 33.0
42.92 -280.772 1.743 16.0
42.881 -280.753 1.748 41.0
43.187 -280.67900000000003 1.538 33.0
42.882 -280.736 1.752 24.0
42.911 -280.773 1.767 2.0
42.917 -280.771 1.767 15.0
42.903 -280.743 1.769 11.0
42.879 -280.732 1.768 29.0
42.874 -280.72 1.741 11.0
42.892 -280.748 1.782 24.0
42.896 -280.737 1.775 11.0
42.891 -280.722 1.738 15.0
42.897 -280.686 1.74 41.0
42.893 -280.707 1.761 16.0
42.88 -280.711 1.775 31.0
42.909 -280.714 1.766 19.0
42.902 -280.681 1.771 36.0
42.892 -280.704 1.778 34.0
42.92 -280.695 1.769 36.0
43.374 -280.599 1.531 35.0
42.876 -280.735 1.815 38.0
42.898 -280.762 1.812 24.0
42.886 -280.759 1.832 20.0
42.913 -280.762 1.815 10.0
42.91 -280.76 1.831 13.0
42.884 -280.733 1.817 28.0
42.893 -280.74 1.815 16.0
42.89 -280.752 1.825 32.0
42.883 -280.741 1.821 29.0
42.92200000000001 -280.752 1.809 9.0
42.877 -280.714 1.826 23.0
42.967 -280.694 1.735 25.0
42.952 -280.682 1.763 31.0
43.001 -280.704 1.78 26.0
42.914 -280.67900000000003 1.829 43.0
42.929 -280.666 1.737 23.0
42.942 -280.676 1.752 37.0
42.964 -280.67 1.766 21.0
42.961 -280.675 1.807 28.0
42.947 -280.675 1.809 37.0
42.889 -280.75600000000003 1.849 25.0
42.879 -280.741 1.837 37.0
42.906 -280.762 1.878 14.0
42.897 -280.75100000000003 1.867 22.0
42.885 -280.736 1.882 37.0
42.913 -280.719 1.862 9.0
42.908 -280.718 1.879 4.0
42.904 -280.696 1.866 35.0
42.971 -280.685 1.881 32.0
42.95 -280.683 1.884 35.0
42.931 -280.699 1.898 22.0
42.906 -280.67900000000003 1.881 16.0
42.901 -280.67900000000003 1.898 35.0
42.923 -280.662 1.929 16.0
42.9 -280.759 1.94 13.0
42.884 -280.733 1.943 41.0
42.907 -280.743 1.941 9.0
42.88 -280.735 1.965 22.0
42.93 -280.759 1.941 7.0
42.906 -280.673 1.942 7.0
42.906 -280.67900000000003 1.945 27.0
42.905 -280.664 1.934 14.0
42.927 -280.65500000000003 1.944 13.0
42.88 -280.722 1.785 47.0
42.895 -280.711 1.799 17.0
42.888 -280.692 1.784 26.0
42.917 -280.68 1.798 44.0
42.893 -280.718 1.814 19.0
42.883 -280.711 1.818 40.0
42.879 -280.712 1.822 41.0
42.895 -280.682 1.816 46.0
42.92800000000001 -280.672 1.759 39.0
42.905 -280.677 1.778 36.0
42.904 -280.767 1.893 34.0
42.887 -280.753 1.894 30.0
42.887 -280.724 1.885 17.0
42.893 -280.755 1.927 35.0
42.883 -280.708 1.884 38.0
42.908 -280.762 1.928 29.0
42.975 -280.748 1.917 2.0
42.893 -280.692 1.886 44.0
42.898 -280.745 1.918 30.0
42.888 -280.719 1.933 26.0
42.884 -280.732 1.927 19.0
42.892 -280.722 1.929 19.0
42.904 -280.69 1.93 43.0
42.911 -280.75100000000003 1.928 9.0
42.96 -280.673 1.838 34.0
43.035 -280.742 1.933 21.0
42.932 -280.673 1.865 30.0
42.879 -280.706 1.945 31.0
42.902 -280.686 1.943 37.0
42.888 -280.704 1.946 34.0
42.932 -280.66 1.941 19.0
45.399 -280.05 1.399 42.0
45.406 -280.045 1.4 40.0
45.443 -280.019 1.397 35.0
45.421 -280.016 1.398 31.0
45.541 -280.019 1.38 35.0
45.385 -280.085 1.4 42.0
45.471 -279.986 1.386 34.0
45.443 -279.981 1.396 0.0
45.469 -279.975 1.395 31.0
45.445 -279.973 1.399 34.0
45.461 -279.936 1.397 35.0
45.48900000000001 -279.95 1.395 35.0
45.536 -279.86400000000003 1.398 32.0
45.498 -279.908 1.397 34.0
45.554 -279.90000000000003 1.394 32.0
45.67200000000001 -279.935 1.393 36.0
45.655 -279.898 1.397 35.0
45.626 -279.863 1.403 33.0
