39.311 -145.583 5.853 1.0
39.244 -145.637 5.889 1.0
39.295 -145.531 5.859 2.0
39.286 -144.907 5.839 1.0
39.295 -144.80100000000004 5.812 0.0
39.288 -144.759 5.825 1.0
39.271 -144.556 5.806 1.0
39.211 -144.411 5.799 1.0
39.268 -143.898 5.785 1.0
39.248 -143.887 5.814 1.0
39.23900000000001 -143.627 5.759 2.0
39.253 -143.649 5.767 2.0
39.11400000000001 -141.74 5.684 1.0
39.19 -141.603 5.667 2.0
39.179 -141.167 5.628 1.0
39.11 -140.678 5.602 2.0
39.275 -144.67600000000004 5.846 0.0
39.106 -140.576 5.612 1.0
39.27 -144.646 5.843 1.0
39.118 -140.555 5.58 1.0
39.26 -144.43800000000005 5.779 1.0
39.135 -140.294 5.603 0.0
39.143 -140.357 5.629 2.0
39.122 -140.251 5.618 0.0
39.227 -142.92600000000002 5.692 1.0
39.216 -143.082 5.753 1.0
39.119 -139.588 5.539 1.0
39.208 -142.76 5.723 0.0
39.127 -139.467 5.536 0.0
39.123 -141.541 5.652 2.0
39.091 -140.482 5.614 2.0
39.155 -140.422 5.576000000000001 1.0
39.13 -140.223 5.61 1.0
39.10800000000001 -139.167 5.548 2.0
39.084 -138.618 5.512 1.0
39.038 -138.80700000000002 5.547 2.0
39.08 -138.51 5.533 1.0
39.074 -138.413 5.54 2.0
39.054 -137.498 5.517 0.0
39.051 -137.399 5.489 1.0
39.04 -137.38 5.535 1.0
38.992 -137.119 5.496 1.0
39.015 -136.915 5.478 2.0
39.09 -139.278 5.599 1.0
39.022 -136.511 5.461 1.0
39.004 -136.486 5.469 2.0
39.085 -139.096 5.565 0.0
39.019 -138.736 5.535 1.0
38.971 -136.241 5.455 1.0
39.008 -138.474 5.587 0.0
39.021 -136.27 5.421 0.0
38.98300000000001 -137.584 5.515 1.0
39.018 -135.857 5.423 1.0
38.995 -135.853 5.479 2.0
39.059 -137.484 5.512 1.0
38.98600000000001 -135.68 5.468 2.0
39.04400000000001 -137.305 5.511 0.0
38.998 -135.405 5.413 2.0
39.049 -137.061 5.467000000000001 1.0
39.015 -136.877 5.52 1.0
38.918 -135.077 5.42 1.0
38.971 -135.00900000000001 5.459000000000001 2.0
38.979 -134.72 5.42 1.0
38.972 -134.763 5.423 3.0
39.011 -135.825 5.433 0.0
38.999 -135.77700000000002 5.454 3.0
38.997 -135.756 5.449 2.0
38.959 -134.651 5.432 2.0
38.964 -134.651 5.436 3.0
38.949 -134.087 5.385 2.0
38.943 -133.978 5.41 2.0
38.92200000000001 -133.93 5.427 2.0
38.894 -133.836 5.42 2.0
38.93 -133.483 5.404 2.0
38.939 -133.381 5.372 0.0
38.932 -135.256 5.413 1.0
38.91 -133.49 5.443000000000001 1.0
38.91900000000001 -133.172 5.369 2.0
38.98600000000001 -135.101 5.438 1.0
38.91 -134.921 5.441 1.0
38.947 -134.556 5.361 2.0
38.91 -134.55700000000002 5.453 1.0
38.949 -134.031 5.405 0.0
38.947 -134.093 5.422 1.0
38.878 -133.877 5.437 2.0
38.859 -133.403 5.411 1.0
38.857 -133.097 5.411 2.0
38.895 -132.948 5.393 2.0
38.841 -132.736 5.39 2.0
38.783 -131.212 5.367 2.0
38.804 -131.092 5.378 1.0
38.785 -130.633 5.335 1.0
38.762 -130.55 5.388 0.0
38.772 -130.335 5.355 1.0
38.776 -130.235 5.343 2.0
38.78 -130.245 5.349 1.0
38.84 -130.19400000000002 5.37 2.0
38.851 -132.871 5.378 2.0
38.917 -132.741 5.407 2.0
38.882 -132.62800000000001 5.388 1.0
38.884 -131.861 5.384 2.0
38.877 -131.681 5.404 1.0
38.857 -131.178 5.34 2.0
38.823 -132.073 5.384 2.0
38.795 -131.231 5.403 1.0
38.843 -131.086 5.361 1.0
38.856 -130.752 5.366000000000001 2.0
38.832 -130.806 5.371 2.0
38.825 -130.56900000000002 5.38 1.0
38.808 -129.687 5.355 2.0
38.804 -129.685 5.367 2.0
38.82 -129.514 5.354 1.0
38.805 -129.437 5.372 1.0
38.727 -129.062 5.392 0.0
38.775 -129.772 5.336 1.0
38.915 -132.87 5.404 3.0
38.789 -128.574 5.352 1.0
38.894 -132.576 5.365 3.0
38.781 -128.43 5.348 2.0
38.868 -131.51500000000001 5.391 2.0
38.749 -127.50500000000001 5.375 1.0
38.66 -127.258 5.379 1.0
38.719 -127.134 5.381 1.0
38.727 -129.06900000000002 5.352 2.0
38.796 -129.01500000000001 5.392 0.0
38.78 -128.554 5.352 2.0
38.693 -128.443 5.371 0.0
38.788 -128.361 5.401 0.0
38.767 -127.605 5.353 1.0
38.745 -127.604 5.362 1.0
38.676 -127.269 5.362 2.0
38.696 -127.17 5.344 1.0
38.633 -126.335 5.382 1.0
38.644 -126.34 5.345 2.0
38.633 -126.242 5.37 1.0
38.639 -125.769 5.345 0.0
38.634 -125.608 5.364 1.0
38.679 -125.598 5.398 3.0
38.676 -125.494 5.355 2.0
38.683 -125.4 5.354 2.0
38.593 -125.148 5.383 2.0
38.676 -125.026 5.386 2.0
38.681 -124.741 5.325 1.0
38.634 -124.154 5.365 2.0
38.582 -124.163 5.375 1.0
38.557 -124.067 5.388 1.0
38.723 -126.504 5.357 2.0
38.713 -126.394 5.368 2.0
38.639 -126.209 5.357 1.0
38.637 -126.21 5.359 1.0
38.692 -125.774 5.364 2.0
38.678 -125.679 5.386 2.0
38.53 -123.187 5.402 1.0
38.618 -123.038 5.41 2.0
38.616 -123.037 5.414 2.0
38.657 -124.952 5.403 2.0
38.562 -123.02 5.392 1.0
38.553 -122.998 5.372 1.0
38.612 -122.863 5.37 2.0
38.599 -122.709 5.407 1.0
38.507 -122.049 5.4 1.0
38.568 -122.057 5.396 2.0
38.535 -121.85900000000002 5.401 0.0
38.581 -121.83 5.43 2.0
38.575 -121.492 5.394 2.0
38.552 -121.329 5.432 0.0
38.576 -123.85900000000002 5.382 2.0
38.562 -120.529 5.444 0.0
38.527 -120.36200000000001 5.463 2.0
38.542 -120.363 5.484 1.0
38.47 -120.272 5.454 1.0
38.526 -122.538 5.414 1.0
38.58 -122.59100000000002 5.394 1.0
38.511 -121.951 5.418 2.0
38.569 -121.761 5.447 1.0
38.487 -121.578 5.433 1.0
38.491 -121.562 5.43 2.0
38.484 -121.424 5.448 0.0
38.444 -120.391 5.475000000000001 1.0
38.557 -120.276 5.432 0.0
38.499 -119.47 5.489 1.0
38.48300000000001 -118.448 5.463 2.0
38.38 -117.354 5.529 0.0
38.36 -117.328 5.572 1.0
38.498 -118.49600000000001 5.515 1.0
38.485 -118.434 5.53 2.0
38.44 -117.274 5.558 1.0
38.438 -117.254 5.545 1.0
38.402 -116.378 5.563 1.0
38.29700000000001 -115.804 5.581 1.0
38.332 -115.695 5.545 3.0
38.293 -115.61800000000001 5.62 3.0
38.338 -116.37400000000001 5.583 0.0
38.404 -116.383 5.572 1.0
38.292 -115.762 5.644 1.0
38.383 -115.675 5.613 4.0
38.292 -115.602 5.612 3.0
38.339 -115.461 5.528 2.0
38.344 -114.098 5.629 3.0
23.679000000000006 -115.634 7.512 2.0
23.662 -115.686 7.535 2.0
23.715 -115.756 7.179 2.0
23.73 -115.759 7.2 2.0
24.337 -115.67 7.201000000000001 3.0
23.817 -115.593 7.488 2.0
23.934 -115.571 7.498 2.0
24.177 -115.564 7.501 0.0
24.142 -115.522 7.507000000000001 2.0
24.489 -115.492 7.476 2.0
23.605 -115.62100000000001 7.51 2.0
23.719 -115.781 7.178 2.0
24.853 -115.567 7.146 2.0
24.747 -115.607 7.243 2.0
24.89 -115.578 7.232 4.0
25.261 -115.503 7.243 2.0
24.47 -115.647 7.19 4.0
24.647000000000006 -115.465 7.462 0.0
24.623 -115.45 7.462 1.0
25.419 -115.49000000000001 7.189 2.0
25.351 -115.48 7.237 3.0
25.518 -115.46300000000002 7.183 2.0
25.666 -115.426 7.207 6.0
25.658 -115.448 7.276 1.0
25.722 -115.417 7.202 3.0
25.755 -115.462 7.308 0.0
25.991 -115.413 7.293 1.0
24.734 -115.604 7.169 0.0
25.635 -115.476 7.319 2.0
25.869 -115.282 7.546 2.0
26.051 -115.312 7.54 3.0
26.019 -115.248 7.536 3.0
26.135 -115.379 7.256 1.0
26.107 -115.435 7.287 2.0
26.383 -115.318 7.284 0.0
25.309 -115.501 7.161 2.0
25.444 -115.48 7.227 2.0
25.611 -115.439 7.21 4.0
26.509 -115.305 7.274 4.0
26.556 -115.299 7.266 2.0
26.57 -115.283 7.273000000000001 4.0
25.887 -115.369 7.195 1.0
26.633 -115.276 7.262 3.0
26.633 -115.277 7.268 4.0
25.933 -115.32 7.55 2.0
26.695 -115.255 7.268 4.0
26.322 -115.203 7.511 1.0
26.198 -115.439 7.28 2.0
26.399 -115.188 7.479 4.0
26.45 -115.179 7.483000000000001 0.0
26.201 -115.348 7.257000000000001 2.0
26.409 -115.326 7.24 3.0
26.419 -115.321 7.263 2.0
26.477 -115.307 7.237 2.0
26.095 -115.239 7.529 1.0
26.246000000000006 -115.211 7.518 1.0
26.582 -115.154 7.476 2.0
26.647000000000006 -115.136 7.474 4.0
26.82 -115.114 7.463 2.0
26.502 -115.232 7.529 1.0
27.036 -115.209 7.251 3.0
26.911 -115.086 7.46 2.0
26.977 -115.073 7.457 1.0
26.739 -115.333 7.287 2.0
26.983 -115.09700000000002 7.561 1.0
26.951 -115.049 7.539000000000001 1.0
27.45 -115.087 7.579 1.0
27.375 -115.027 7.533 1.0
26.283 -115.275 7.556 2.0
27.433 -115.013 7.517 1.0
27.67 -115.015 7.595 0.0
26.17 -115.223 7.524 3.0
27.981 -114.985 7.551 2.0
27.964000000000006 -115.023 7.589 3.0
26.501 -115.189 7.499000000000001 1.0
28.28 -114.99300000000001 7.350000000000001 1.0
28.378 -114.982 7.338 1.0
26.884 -115.11200000000001 7.569 2.0
27.091 -115.195 7.282 3.0
28.336000000000006 -114.891 7.603 1.0
27.183 -115.09 7.451000000000001 2.0
28.409 -114.858 7.569 3.0
28.422 -114.861 7.601 2.0
26.908 -115.146 7.552 2.0
26.996000000000006 -115.073 7.547000000000001 0.0
28.591 -114.939 7.31 2.0
28.668 -114.788 7.511 3.0
28.78 -114.898 7.341 1.0
27.288 -115.041 7.525 3.0
28.847 -114.894 7.336 3.0
27.429000000000006 -115.048 7.61 0.0
27.572 -115.055 7.564 1.0
28.463 -114.962 7.305 2.0
28.507 -114.84 7.597 3.0
28.578 -114.834 7.57 4.0
28.648 -114.814 7.569 4.0
29.045 -114.88 7.399 3.0
29.048 -114.855 7.331 2.0
29.118000000000006 -114.858 7.398000000000001 4.0
29.192 -114.84400000000002 7.396 4.0
29.08 -114.744 7.56 2.0
29.605 -114.771 7.499000000000001 2.0
29.666 -114.778 7.492 4.0
29.788 -114.755 7.49 1.0
30.018 -114.694 7.398000000000001 1.0
28.502 -114.849 7.562 3.0
29.982 -114.712 7.484 1.0
30.069 -114.692 7.481 3.0
28.605 -114.824 7.592000000000001 3.0
28.703 -114.801 7.555 2.0
30.034 -114.61800000000001 7.674 2.0
30.244 -114.672 7.381 1.0
28.789 -114.791 7.563 2.0
28.907 -114.888 7.374000000000001 2.0
28.981 -114.869 7.333 4.0
29.115 -114.837 7.331 1.0
29.265 -114.85300000000002 7.387 1.0
28.925 -114.769 7.581 0.0
28.989 -114.766 7.577 0.0
30.248 -114.657 7.437 1.0
30.134 -114.653 7.711 3.0
30.104 -114.583 7.669 2.0
30.201 -114.574 7.662 2.0
29.727 -114.763 7.492 5.0
29.899 -114.694 7.462 2.0
30.49 -114.62 7.476 3.0
30.579 -114.59700000000002 7.488 1.0
30.739 -114.565 7.512 3.0
30.772000000000006 -114.49600000000001 7.685 2.0
30.818 -114.485 7.694 0.0
30.588 -114.574 7.759 2.0
30.683 -114.573 7.753 3.0
32.142 -114.345 7.61 1.0
32.148 -114.311 7.671 2.0
31.481 -114.36 7.725000000000001 3.0
31.622 -114.343 7.723 2.0
31.63 -114.345 7.789000000000001 3.0
32.062 -114.349 7.816 2.0
32.066 -114.325 7.857 2.0
32.17 -114.315 7.818000000000001 2.0
32.172000000000004 -114.276 7.818000000000001 1.0
32.656 -114.26 7.875 2.0
30.286 -114.72500000000002 7.5 3.0
32.708 -114.195 7.893 1.0
32.866 -114.199 7.758 3.0
32.932 -114.254 7.774 1.0
30.253 -114.566 7.665 2.0
33.073 -114.173 7.764 1.0
32.965 -114.137 7.9 2.0
33.536 -114.052 7.869 1.0
30.562 -114.602 7.476 2.0
33.625 -114.063 7.861 2.0
33.587 -114.026 7.961 1.0
30.497 -114.529 7.702 2.0
30.504 -114.529 7.709000000000001 2.0
30.74 -114.491 7.699 2.0
30.652 -114.614 7.732 2.0
32.057 -114.339 7.618 2.0
31.476 -114.382 7.788 2.0
33.82 -114.034 7.871 2.0
32.015 -114.266 7.777 2.0
34.481 -113.881 8.084 2.0
32.619 -114.192 7.9 2.0
32.629 -114.174 7.896 1.0
34.744 -113.861 7.992 0.0
34.705 -113.84400000000002 8.072000000000001 2.0
34.715 -113.846 8.09 1.0
34.874 -113.889 8.042 2.0
34.878 -113.867 8.035 2.0
33.044000000000004 -114.184 7.952 2.0
33.646 -114.069 7.873 0.0
34.512 -113.87100000000001 8.092 1.0
34.67 -113.875 7.988 2.0
34.806 -113.885 8.056000000000001 2.0
